0.01	2.6928e-11
0.02	1.9844e-10
0.03	4.0624e-10
0.04	5.6344e-10
0.05	6.9146e-10
0.06	8.1014e-10
0.07	9.2015e-10
0.08	9.6987e-10
0.09	9.9989e-10
0.10	1.0094e-09
0.11	1.0109e-09
0.12	1.0435e-09
0.13	1.0376e-09
0.14	1.0476e-09
0.15	1.0216e-09
0.16	9.9741e-10
0.17	9.9788e-10
0.18	9.7199e-10
0.19	9.4195e-10
0.20	9.1939e-10
0.21	9.1673e-10
0.22	9.0266e-10
0.23	9.0884e-10
0.24	8.7393e-10
0.25	8.5484e-10
0.26	8.2795e-10
0.27	8.2171e-10
0.28	7.8139e-10
0.29	7.3687e-10
0.30	7.2634e-10
0.31	6.6317e-10
0.32	6.3633e-10
0.33	5.7758e-10
0.34	5.2886e-10
0.35	5.0892e-10
0.36	4.5718e-10
0.37	4.3535e-10
0.38	4.0847e-10
0.39	3.9191e-10
0.40	3.5405e-10
0.41	3.3982e-10
0.42	3.1991e-10
0.43	3.0906e-10
0.44	2.9646e-10
0.45	2.6705e-10
0.46	2.5566e-10
0.47	2.5296e-10
0.48	2.4538e-10
0.49	2.2071e-10
0.50	2.3842e-10
0.51	2.1669e-10
0.52	2.0732e-10
0.53	1.9861e-10
0.54	1.9469e-10
0.55	1.8589e-10
0.56	1.7510e-10
0.57	1.6837e-10
0.58	1.6121e-10
0.59	1.5999e-10
0.60	1.5049e-10
0.61	1.5386e-10
0.62	1.5049e-10
0.63	1.4188e-10
0.64	1.3296e-10
0.65	1.2312e-10
0.66	1.3135e-10
0.67	1.0951e-10
0.68	1.0307e-10
0.69	1.1160e-10
0.70	9.9208e-11
0.71	1.1519e-10
0.72	9.3261e-11
0.73	8.0011e-11
0.74	8.2350e-11
0.75	9.4788e-11
0.76	9.6176e-11
0.77	8.7114e-11
0.78	8.1055e-11
0.79	8.2768e-11
0.80	8.2361e-11
0.81	7.3601e-11
0.82	7.8114e-11
0.83	7.7000e-11
0.84	7.3832e-11
0.85	7.7600e-11
0.86	7.0474e-11
0.87	6.3962e-11
0.88	7.0732e-11
0.89	7.5240e-11
0.90	7.3747e-11
0.91	6.0214e-11
0.92	7.1892e-11
0.93	6.1150e-11
0.94	7.7199e-11
0.95	6.4951e-11
0.96	6.6770e-11
0.97	6.3500e-11
0.98	6.0824e-11
0.99	5.7284e-11
1.00	5.9013e-11
1.01	5.3977e-11
1.02	6.2810e-11
1.03	5.9265e-11
1.04	5.6624e-11
1.05	5.5029e-11
1.06	5.3787e-11
1.07	5.5621e-11
1.08	7.0179e-11
1.09	5.9588e-11
1.10	5.0900e-11
1.11	5.1374e-11
1.12	5.7009e-11
1.13	4.7869e-11
1.14	5.3205e-11
1.15	5.2473e-11
1.16	4.6634e-11
1.17	5.2908e-11
1.18	4.5528e-11
1.19	4.5384e-11
1.20	5.0287e-11
1.21	5.1144e-11
1.22	4.6361e-11
1.23	4.8772e-11
1.24	4.2311e-11
1.25	5.3910e-11
1.26	4.0431e-11
1.27	4.3887e-11
1.28	4.2951e-11
1.29	4.6996e-11
1.30	5.1708e-11
1.31	3.9522e-11
1.32	4.9499e-11
1.33	4.0065e-11
1.34	5.0740e-11
1.35	4.2778e-11
1.36	4.3550e-11
1.37	4.7200e-11
1.38	4.9887e-11
1.39	4.5616e-11
1.40	4.9934e-11
1.41	4.1906e-11
1.42	3.9897e-11
1.43	4.5842e-11
1.44	4.8232e-11
1.45	4.4593e-11
1.46	4.6506e-11
1.47	5.2028e-11
1.48	5.3832e-11
1.49	3.8678e-11
1.50	3.9197e-11
1.51	4.5128e-11
1.52	4.2044e-11
1.53	4.2696e-11
1.54	4.2924e-11
1.55	4.9150e-11
1.56	4.3225e-11
1.57	4.3907e-11
1.58	4.4915e-11
1.59	4.6757e-11
1.60	4.2126e-11
1.61	4.7785e-11
1.62	4.6097e-11
1.63	4.9255e-11
1.64	4.4037e-11
1.65	5.0359e-11
1.66	4.6566e-11
1.67	4.5790e-11
1.68	4.4632e-11
1.69	5.7632e-11
1.70	4.4687e-11
1.71	4.7834e-11
1.72	4.6152e-11
1.73	4.4848e-11
1.74	4.7840e-11
1.75	4.1961e-11
1.76	4.6453e-11
1.77	4.5577e-11
1.78	4.9049e-11
1.79	4.8472e-11
1.80	4.6333e-11
1.81	4.6309e-11
1.82	5.3146e-11
1.83	4.5846e-11
1.84	5.3405e-11
1.85	4.9233e-11
1.86	5.4865e-11
1.87	4.5425e-11
1.88	4.9556e-11
1.89	5.1399e-11
1.90	4.9809e-11
1.91	5.2216e-11
1.92	4.7800e-11
1.93	4.8628e-11
1.94	5.0751e-11
1.95	4.8518e-11
1.96	4.8800e-11
1.97	4.7008e-11
1.98	4.9279e-11
1.99	5.0282e-11
2.00	5.5093e-11
2.01	4.9117e-11
2.02	4.9117e-11
2.03	4.9117e-11
2.04	4.9117e-11
2.05	4.9117e-11
2.06	4.9117e-11
2.07	4.9117e-11
2.08	4.9117e-11
2.09	4.9117e-11
2.10	4.9117e-11
2.11	4.8215e-11
2.12	4.8215e-11
2.13	4.8215e-11
2.14	4.8215e-11
2.15	4.8215e-11
2.16	4.8215e-11
2.17	4.8215e-11
2.18	4.8215e-11
2.19	4.8215e-11
2.20	4.8215e-11
2.21	4.1665e-11
2.22	4.1665e-11
2.23	4.1665e-11
2.24	4.1665e-11
2.25	4.1665e-11
2.26	4.1665e-11
2.27	4.1665e-11
2.28	4.1665e-11
2.29	4.1665e-11
2.30	4.1665e-11
2.31	3.1754e-11
2.32	3.1754e-11
2.33	3.1754e-11
2.34	3.1754e-11
2.35	3.1754e-11
2.36	3.1754e-11
2.37	3.1754e-11
2.38	3.1754e-11
2.39	3.1754e-11
2.40	3.1754e-11
2.41	2.4725e-11
2.42	2.4725e-11
2.43	2.4725e-11
2.44	2.4725e-11
2.45	2.4725e-11
2.46	2.4725e-11
2.47	2.4725e-11
2.48	2.4725e-11
2.49	2.4725e-11
2.50	2.4725e-11
2.51	2.0425e-11
2.52	2.0425e-11
2.53	2.0425e-11
2.54	2.0425e-11
2.55	2.0425e-11
2.56	2.0425e-11
2.57	2.0425e-11
2.58	2.0425e-11
2.59	2.0425e-11
2.60	2.0425e-11
2.61	1.6983e-11
2.62	1.6983e-11
2.63	1.6983e-11
2.64	1.6983e-11
2.65	1.6983e-11
2.66	1.6983e-11
2.67	1.6983e-11
2.68	1.6983e-11
2.69	1.6983e-11
2.70	1.6983e-11
2.71	1.4082e-11
2.72	1.4082e-11
2.73	1.4082e-11
2.74	1.4082e-11
2.75	1.4082e-11
2.76	1.4082e-11
2.77	1.4082e-11
2.78	1.4082e-11
2.79	1.4082e-11
2.80	1.4082e-11
2.81	1.1014e-11
2.82	1.1014e-11
2.83	1.1014e-11
2.84	1.1014e-11
2.85	1.1014e-11
2.86	1.1014e-11
2.87	1.1014e-11
2.88	1.1014e-11
2.89	1.1014e-11
2.90	1.1014e-11
2.91	7.9385e-12
2.92	7.9385e-12
2.93	7.9385e-12
2.94	7.9385e-12
2.95	7.9385e-12
2.96	7.9385e-12
2.97	7.9385e-12
2.98	7.9385e-12
2.99	7.9385e-12
3.00	7.9385e-12
3.01	6.9651e-12
3.02	6.9651e-12
3.03	6.9651e-12
3.04	6.9651e-12
3.05	6.9651e-12
3.06	6.9651e-12
3.07	6.9651e-12
3.08	6.9651e-12
3.09	6.9651e-12
3.10	6.9651e-12
3.11	5.4822e-12
3.12	5.4822e-12
3.13	5.4822e-12
3.14	5.4822e-12
3.15	5.4822e-12
3.16	5.4822e-12
3.17	5.4822e-12
3.18	5.4822e-12
3.19	5.4822e-12
3.20	5.4822e-12
3.21	5.0397e-12
3.22	5.0397e-12
3.23	5.0397e-12
3.24	5.0397e-12
3.25	5.0397e-12
3.26	5.0397e-12
3.27	5.0397e-12
3.28	5.0397e-12
3.29	5.0397e-12
3.30	5.0397e-12
3.31	4.2487e-12
3.32	4.2487e-12
3.33	4.2487e-12
3.34	4.2487e-12
3.35	4.2487e-12
3.36	4.2487e-12
3.37	4.2487e-12
3.38	4.2487e-12
3.39	4.2487e-12
3.40	4.2487e-12
3.41	3.7498e-12
3.42	3.7498e-12
3.43	3.7498e-12
3.44	3.7498e-12
3.45	3.7498e-12
3.46	3.7498e-12
3.47	3.7498e-12
3.48	3.7498e-12
3.49	3.7498e-12
3.50	3.7498e-12
3.51	3.1956e-12
3.52	3.1956e-12
3.53	3.1956e-12
3.54	3.1956e-12
3.55	3.1956e-12
3.56	3.1956e-12
3.57	3.1956e-12
3.58	3.1956e-12
3.59	3.1956e-12
3.60	3.1956e-12
3.61	2.9773e-12
3.62	2.9773e-12
3.63	2.9773e-12
3.64	2.9773e-12
3.65	2.9773e-12
3.66	2.9773e-12
3.67	2.9773e-12
3.68	2.9773e-12
3.69	2.9773e-12
3.70	2.9773e-12
3.71	2.8117e-12
3.72	2.8117e-12
3.73	2.8117e-12
3.74	2.8117e-12
3.75	2.8117e-12
3.76	2.8117e-12
3.77	2.8117e-12
3.78	2.8117e-12
3.79	2.8117e-12
3.80	2.8117e-12
3.81	2.6353e-12
3.82	2.6353e-12
3.83	2.6353e-12
3.84	2.6353e-12
3.85	2.6353e-12
3.86	2.6353e-12
3.87	2.6353e-12
3.88	2.6353e-12
3.89	2.6353e-12
3.90	2.6353e-12
3.91	2.4291e-12
3.92	2.4291e-12
3.93	2.4291e-12
3.94	2.4291e-12
3.95	2.4291e-12
3.96	2.4291e-12
3.97	2.4291e-12
3.98	2.4291e-12
3.99	2.4291e-12
4.00	2.4291e-12
4.01	2.0851e-12
4.02	2.0851e-12
4.03	2.0851e-12
4.04	2.0851e-12
4.05	2.0851e-12
4.06	2.0851e-12
4.07	2.0851e-12
4.08	2.0851e-12
4.09	2.0851e-12
4.10	2.0851e-12
4.11	2.6105e-12
4.12	2.6105e-12
4.13	2.6105e-12
4.14	2.6105e-12
4.15	2.6105e-12
4.16	2.6105e-12
4.17	2.6105e-12
4.18	2.6105e-12
4.19	2.6105e-12
4.20	2.6105e-12
4.21	1.9562e-12
4.22	1.9562e-12
4.23	1.9562e-12
4.24	1.9562e-12
4.25	1.9562e-12
4.26	1.9562e-12
4.27	1.9562e-12
4.28	1.9562e-12
4.29	1.9562e-12
4.30	1.9562e-12
4.31	1.5993e-12
4.32	1.5993e-12
4.33	1.5993e-12
4.34	1.5993e-12
4.35	1.5993e-12
4.36	1.5993e-12
4.37	1.5993e-12
4.38	1.5993e-12
4.39	1.5993e-12
4.40	1.5993e-12
4.41	1.8037e-12
4.42	1.8037e-12
4.43	1.8037e-12
4.44	1.8037e-12
4.45	1.8037e-12
4.46	1.8037e-12
4.47	1.8037e-12
4.48	1.8037e-12
4.49	1.8037e-12
4.50	1.8037e-12
4.51	1.5055e-12
4.52	1.5055e-12
4.53	1.5055e-12
4.54	1.5055e-12
4.55	1.5055e-12
4.56	1.5055e-12
4.57	1.5055e-12
4.58	1.5055e-12
4.59	1.5055e-12
4.60	1.5055e-12
4.61	1.2608e-12
4.62	1.2608e-12
4.63	1.2608e-12
4.64	1.2608e-12
4.65	1.2608e-12
4.66	1.2608e-12
4.67	1.2608e-12
4.68	1.2608e-12
4.69	1.2608e-12
4.70	1.2608e-12
4.71	1.0734e-12
4.72	1.0734e-12
4.73	1.0734e-12
4.74	1.0734e-12
4.75	1.0734e-12
4.76	1.0734e-12
4.77	1.0734e-12
4.78	1.0734e-12
4.79	1.0734e-12
4.80	1.0734e-12
4.81	1.2750e-12
4.82	1.2750e-12
4.83	1.2750e-12
4.84	1.2750e-12
4.85	1.2750e-12
4.86	1.2750e-12
4.87	1.2750e-12
4.88	1.2750e-12
4.89	1.2750e-12
4.90	1.2750e-12
4.91	1.0056e-12
4.92	1.0056e-12
4.93	1.0056e-12
4.94	1.0056e-12
4.95	1.0056e-12
4.96	1.0056e-12
4.97	1.0056e-12
4.98	1.0056e-12
4.99	1.0056e-12
5.00	1.0056e-12
5.01	9.1324e-13
5.02	9.1324e-13
5.03	9.1324e-13
5.04	9.1324e-13
5.05	9.1324e-13
5.06	9.1324e-13
5.07	9.1324e-13
5.08	9.1324e-13
5.09	9.1324e-13
5.10	9.1324e-13
5.11	8.9987e-13
5.12	8.9987e-13
5.13	8.9987e-13
5.14	8.9987e-13
5.15	8.9987e-13
5.16	8.9987e-13
5.17	8.9987e-13
5.18	8.9987e-13
5.19	8.9987e-13
5.20	8.9987e-13
5.21	7.8470e-13
5.22	7.8470e-13
5.23	7.8470e-13
5.24	7.8470e-13
5.25	7.8470e-13
5.26	7.8470e-13
5.27	7.8470e-13
5.28	7.8470e-13
5.29	7.8470e-13
5.30	7.8470e-13
5.31	6.7650e-13
5.32	6.7650e-13
5.33	6.7650e-13
5.34	6.7650e-13
5.35	6.7650e-13
5.36	6.7650e-13
5.37	6.7650e-13
5.38	6.7650e-13
5.39	6.7650e-13
5.40	6.7650e-13
5.41	6.6303e-13
5.42	6.6303e-13
5.43	6.6303e-13
5.44	6.6303e-13
5.45	6.6303e-13
5.46	6.6303e-13
5.47	6.6303e-13
5.48	6.6303e-13
5.49	6.6303e-13
5.50	6.6303e-13
5.51	4.9025e-13
5.52	4.9025e-13
5.53	4.9025e-13
5.54	4.9025e-13
5.55	4.9025e-13
5.56	4.9025e-13
5.57	4.9025e-13
5.58	4.9025e-13
5.59	4.9025e-13
5.60	4.9025e-13
5.61	4.2125e-13
5.62	4.2125e-13
5.63	4.2125e-13
5.64	4.2125e-13
5.65	4.2125e-13
5.66	4.2125e-13
5.67	4.2125e-13
5.68	4.2125e-13
5.69	4.2125e-13
5.70	4.2125e-13
5.71	4.9217e-13
5.72	4.9217e-13
5.73	4.9217e-13
5.74	4.9217e-13
5.75	4.9217e-13
5.76	4.9217e-13
5.77	4.9217e-13
5.78	4.9217e-13
5.79	4.9217e-13
5.80	4.9217e-13
5.81	4.0165e-13
5.82	4.0165e-13
5.83	4.0165e-13
5.84	4.0165e-13
5.85	4.0165e-13
5.86	4.0165e-13
5.87	4.0165e-13
5.88	4.0165e-13
5.89	4.0165e-13
5.90	4.0165e-13
5.91	3.4820e-13
5.92	3.4820e-13
5.93	3.4820e-13
5.94	3.4820e-13
5.95	3.4820e-13
5.96	3.4820e-13
5.97	3.4820e-13
5.98	3.4820e-13
5.99	3.4820e-13
6.00	3.4820e-13
6.01	4.2381e-13
6.02	4.2381e-13
6.03	4.2381e-13
6.04	4.2381e-13
6.05	4.2381e-13
6.06	4.2381e-13
6.07	4.2381e-13
6.08	4.2381e-13
6.09	4.2381e-13
6.10	4.2381e-13
6.11	4.4995e-13
6.12	4.4995e-13
6.13	4.4995e-13
6.14	4.4995e-13
6.15	4.4995e-13
6.16	4.4995e-13
6.17	4.4995e-13
6.18	4.4995e-13
6.19	4.4995e-13
6.20	4.4995e-13
6.21	3.8837e-13
6.22	3.8837e-13
6.23	3.8837e-13
6.24	3.8837e-13
6.25	3.8837e-13
6.26	3.8837e-13
6.27	3.8837e-13
6.28	3.8837e-13
6.29	3.8837e-13
6.30	3.8837e-13
6.31	2.9187e-13
6.32	2.9187e-13
6.33	2.9187e-13
6.34	2.9187e-13
6.35	2.9187e-13
6.36	2.9187e-13
6.37	2.9187e-13
6.38	2.9187e-13
6.39	2.9187e-13
6.40	2.9187e-13
6.41	3.1927e-13
6.42	3.1927e-13
6.43	3.1927e-13
6.44	3.1927e-13
6.45	3.1927e-13
6.46	3.1927e-13
6.47	3.1927e-13
6.48	3.1927e-13
6.49	3.1927e-13
6.50	3.1927e-13
6.51	2.6492e-13
6.52	2.6492e-13
6.53	2.6492e-13
6.54	2.6492e-13
6.55	2.6492e-13
6.56	2.6492e-13
6.57	2.6492e-13
6.58	2.6492e-13
6.59	2.6492e-13
6.60	2.6492e-13
6.61	1.6102e-13
6.62	1.6102e-13
6.63	1.6102e-13
6.64	1.6102e-13
6.65	1.6102e-13
6.66	1.6102e-13
6.67	1.6102e-13
6.68	1.6102e-13
6.69	1.6102e-13
6.70	1.6102e-13
6.71	2.0258e-13
6.72	2.0258e-13
6.73	2.0258e-13
6.74	2.0258e-13
6.75	2.0258e-13
6.76	2.0258e-13
6.77	2.0258e-13
6.78	2.0258e-13
6.79	2.0258e-13
6.80	2.0258e-13
6.81	1.9198e-13
6.82	1.9198e-13
6.83	1.9198e-13
6.84	1.9198e-13
6.85	1.9198e-13
6.86	1.9198e-13
6.87	1.9198e-13
6.88	1.9198e-13
6.89	1.9198e-13
6.90	1.9198e-13
6.91	1.8798e-13
6.92	1.8798e-13
6.93	1.8798e-13
6.94	1.8798e-13
6.95	1.8798e-13
6.96	1.8798e-13
6.97	1.8798e-13
6.98	1.8798e-13
6.99	1.8798e-13
7.00	1.8798e-13
7.01	2.1098e-13
7.02	2.1098e-13
7.03	2.1098e-13
7.04	2.1098e-13
7.05	2.1098e-13
7.06	2.1098e-13
7.07	2.1098e-13
7.08	2.1098e-13
7.09	2.1098e-13
7.10	2.1098e-13
7.11	1.3894e-13
7.12	1.3894e-13
7.13	1.3894e-13
7.14	1.3894e-13
7.15	1.3894e-13
7.16	1.3894e-13
7.17	1.3894e-13
7.18	1.3894e-13
7.19	1.3894e-13
7.20	1.3894e-13
7.21	2.1602e-13
7.22	2.1602e-13
7.23	2.1602e-13
7.24	2.1602e-13
7.25	2.1602e-13
7.26	2.1602e-13
7.27	2.1602e-13
7.28	2.1602e-13
7.29	2.1602e-13
7.30	2.1602e-13
7.31	1.8551e-13
7.32	1.8551e-13
7.33	1.8551e-13
7.34	1.8551e-13
7.35	1.8551e-13
7.36	1.8551e-13
7.37	1.8551e-13
7.38	1.8551e-13
7.39	1.8551e-13
7.40	1.8551e-13
7.41	9.1764e-14
7.42	9.1764e-14
7.43	9.1764e-14
7.44	9.1764e-14
7.45	9.1764e-14
7.46	9.1764e-14
7.47	9.1764e-14
7.48	9.1764e-14
7.49	9.1764e-14
7.50	9.1764e-14
7.51	1.0900e-13
7.52	1.0900e-13
7.53	1.0900e-13
7.54	1.0900e-13
7.55	1.0900e-13
7.56	1.0900e-13
7.57	1.0900e-13
7.58	1.0900e-13
7.59	1.0900e-13
7.60	1.0900e-13
7.61	1.6226e-13
7.62	1.6226e-13
7.63	1.6226e-13
7.64	1.6226e-13
7.65	1.6226e-13
7.66	1.6226e-13
7.67	1.6226e-13
7.68	1.6226e-13
7.69	1.6226e-13
7.70	1.6226e-13
7.71	4.5722e-14
7.72	4.5722e-14
7.73	4.5722e-14
7.74	4.5722e-14
7.75	4.5722e-14
7.76	4.5722e-14
7.77	4.5722e-14
7.78	4.5722e-14
7.79	4.5722e-14
7.80	4.5722e-14
7.81	6.7962e-14
7.82	6.7962e-14
7.83	6.7962e-14
7.84	6.7962e-14
7.85	6.7962e-14
7.86	6.7962e-14
7.87	6.7962e-14
7.88	6.7962e-14
7.89	6.7962e-14
7.90	6.7962e-14
7.91	8.5688e-14
7.92	8.5688e-14
7.93	8.5688e-14
7.94	8.5688e-14
7.95	8.5688e-14
7.96	8.5688e-14
7.97	8.5688e-14
7.98	8.5688e-14
7.99	8.5688e-14
8.00	8.5688e-14
8.01	4.2133e-14
8.02	4.2133e-14
8.03	4.2133e-14
8.04	4.2133e-14
8.05	4.2133e-14
8.06	4.2133e-14
8.07	4.2133e-14
8.08	4.2133e-14
8.09	4.2133e-14
8.10	4.2133e-14
8.11	7.9493e-14
8.12	7.9493e-14
8.13	7.9493e-14
8.14	7.9493e-14
8.15	7.9493e-14
8.16	7.9493e-14
8.17	7.9493e-14
8.18	7.9493e-14
8.19	7.9493e-14
8.20	7.9493e-14
8.21	9.0269e-15
8.22	9.0269e-15
8.23	9.0269e-15
8.24	9.0269e-15
8.25	9.0269e-15
8.26	9.0269e-15
8.27	9.0269e-15
8.28	9.0269e-15
8.29	9.0269e-15
8.30	9.0269e-15
8.31	1.7772e-14
8.32	1.7772e-14
8.33	1.7772e-14
8.34	1.7772e-14
8.35	1.7772e-14
8.36	1.7772e-14
8.37	1.7772e-14
8.38	1.7772e-14
8.39	1.7772e-14
8.40	1.7772e-14
8.41	6.2101e-14
8.42	6.2101e-14
8.43	6.2101e-14
8.44	6.2101e-14
8.45	6.2101e-14
8.46	6.2101e-14
8.47	6.2101e-14
8.48	6.2101e-14
8.49	6.2101e-14
8.50	6.2101e-14
8.51	4.5417e-14
8.52	4.5417e-14
8.53	4.5417e-14
8.54	4.5417e-14
8.55	4.5417e-14
8.56	4.5417e-14
8.57	4.5417e-14
8.58	4.5417e-14
8.59	4.5417e-14
8.60	4.5417e-14
8.61	5.6889e-14
8.62	5.6889e-14
8.63	5.6889e-14
8.64	5.6889e-14
8.65	5.6889e-14
8.66	5.6889e-14
8.67	5.6889e-14
8.68	5.6889e-14
8.69	5.6889e-14
8.70	5.6889e-14
8.71	1.1598e-13
8.72	1.1598e-13
8.73	1.1598e-13
8.74	1.1598e-13
8.75	1.1598e-13
8.76	1.1598e-13
8.77	1.1598e-13
8.78	1.1598e-13
8.79	1.1598e-13
8.80	1.1598e-13
8.81	6.6296e-14
8.82	6.6296e-14
8.83	6.6296e-14
8.84	6.6296e-14
8.85	6.6296e-14
8.86	6.6296e-14
8.87	6.6296e-14
8.88	6.6296e-14
8.89	6.6296e-14
8.90	6.6296e-14
8.91	3.2294e-14
8.92	3.2294e-14
8.93	3.2294e-14
8.94	3.2294e-14
8.95	3.2294e-14
8.96	3.2294e-14
8.97	3.2294e-14
8.98	3.2294e-14
8.99	3.2294e-14
9.00	3.2294e-14
9.01	2.1869e-14
9.02	2.1869e-14
9.03	2.1869e-14
9.04	2.1869e-14
9.05	2.1869e-14
9.06	2.1869e-14
9.07	2.1869e-14
9.08	2.1869e-14
9.09	2.1869e-14
9.10	2.1869e-14
9.11	3.0387e-14
9.12	3.0387e-14
9.13	3.0387e-14
9.14	3.0387e-14
9.15	3.0387e-14
9.16	3.0387e-14
9.17	3.0387e-14
9.18	3.0387e-14
9.19	3.0387e-14
9.20	3.0387e-14
9.21	9.2839e-14
9.22	9.2839e-14
9.23	9.2839e-14
9.24	9.2839e-14
9.25	9.2839e-14
9.26	9.2839e-14
9.27	9.2839e-14
9.28	9.2839e-14
9.29	9.2839e-14
9.30	9.2839e-14
9.31	5.0582e-14
9.32	5.0582e-14
9.33	5.0582e-14
9.34	5.0582e-14
9.35	5.0582e-14
9.36	5.0582e-14
9.37	5.0582e-14
9.38	5.0582e-14
9.39	5.0582e-14
9.40	5.0582e-14
9.41	1.1867e-14
9.42	1.1867e-14
9.43	1.1867e-14
9.44	1.1867e-14
9.45	1.1867e-14
9.46	1.1867e-14
9.47	1.1867e-14
9.48	1.1867e-14
9.49	1.1867e-14
9.50	1.1867e-14
9.51	7.0160e-14
9.52	7.0160e-14
9.53	7.0160e-14
9.54	7.0160e-14
9.55	7.0160e-14
9.56	7.0160e-14
9.57	7.0160e-14
9.58	7.0160e-14
9.59	7.0160e-14
9.60	7.0160e-14
9.61	7.1072e-14
9.62	7.1072e-14
9.63	7.1072e-14
9.64	7.1072e-14
9.65	7.1072e-14
9.66	7.1072e-14
9.67	7.1072e-14
9.68	7.1072e-14
9.69	7.1072e-14
9.70	7.1072e-14
9.71	1.2734e-14
9.72	1.2734e-14
9.73	1.2734e-14
9.74	1.2734e-14
9.75	1.2734e-14
9.76	1.2734e-14
9.77	1.2734e-14
9.78	1.2734e-14
9.79	1.2734e-14
9.80	1.2734e-14
9.81	0.0000e+00
9.82	0.0000e+00
9.83	0.0000e+00
9.84	0.0000e+00
9.85	0.0000e+00
9.86	0.0000e+00
9.87	0.0000e+00
9.88	0.0000e+00
9.89	0.0000e+00
9.90	0.0000e+00
9.91	8.5106e-14
9.92	8.5106e-14
9.93	8.5106e-14
9.94	8.5106e-14
9.95	8.5106e-14
9.96	8.5106e-14
9.97	8.5106e-14
9.98	8.5106e-14
9.99	8.5106e-14
10.00	8.5106e-14
10.01	0.0000e+00
10.02	0.0000e+00
10.03	0.0000e+00
10.04	0.0000e+00
10.05	0.0000e+00
10.06	0.0000e+00
10.07	0.0000e+00
10.08	0.0000e+00
10.09	0.0000e+00
10.10	0.0000e+00
10.11	2.2782e-14
10.12	2.2782e-14
10.13	2.2782e-14
10.14	2.2782e-14
10.15	2.2782e-14
10.16	2.2782e-14
10.17	2.2782e-14
10.18	2.2782e-14
10.19	2.2782e-14
10.20	2.2782e-14
10.21	0.0000e+00
10.22	0.0000e+00
10.23	0.0000e+00
10.24	0.0000e+00
10.25	0.0000e+00
10.26	0.0000e+00
10.27	0.0000e+00
10.28	0.0000e+00
10.29	0.0000e+00
10.30	0.0000e+00
10.31	1.2086e-14
10.32	1.2086e-14
10.33	1.2086e-14
10.34	1.2086e-14
10.35	1.2086e-14
10.36	1.2086e-14
10.37	1.2086e-14
10.38	1.2086e-14
10.39	1.2086e-14
10.40	1.2086e-14
10.41	1.3375e-14
10.42	1.3375e-14
10.43	1.3375e-14
10.44	1.3375e-14
10.45	1.3375e-14
10.46	1.3375e-14
10.47	1.3375e-14
10.48	1.3375e-14
10.49	1.3375e-14
10.50	1.3375e-14
10.51	2.3700e-14
10.52	2.3700e-14
10.53	2.3700e-14
10.54	2.3700e-14
10.55	2.3700e-14
10.56	2.3700e-14
10.57	2.3700e-14
10.58	2.3700e-14
10.59	2.3700e-14
10.60	2.3700e-14
10.61	3.8001e-14
10.62	3.8001e-14
10.63	3.8001e-14
10.64	3.8001e-14
10.65	3.8001e-14
10.66	3.8001e-14
10.67	3.8001e-14
10.68	3.8001e-14
10.69	3.8001e-14
10.70	3.8001e-14
10.71	1.5272e-14
10.72	1.5272e-14
10.73	1.5272e-14
10.74	1.5272e-14
10.75	1.5272e-14
10.76	1.5272e-14
10.77	1.5272e-14
10.78	1.5272e-14
10.79	1.5272e-14
10.80	1.5272e-14
10.81	0.0000e+00
10.82	0.0000e+00
10.83	0.0000e+00
10.84	0.0000e+00
10.85	0.0000e+00
10.86	0.0000e+00
10.87	0.0000e+00
10.88	0.0000e+00
10.89	0.0000e+00
10.90	0.0000e+00
10.91	0.0000e+00
10.92	0.0000e+00
10.93	0.0000e+00
10.94	0.0000e+00
10.95	0.0000e+00
10.96	0.0000e+00
10.97	0.0000e+00
10.98	0.0000e+00
10.99	0.0000e+00
11.00	0.0000e+00
11.01	1.2751e-14
11.02	1.2751e-14
11.03	1.2751e-14
11.04	1.2751e-14
11.05	1.2751e-14
11.06	1.2751e-14
11.07	1.2751e-14
11.08	1.2751e-14
11.09	1.2751e-14
11.10	1.2751e-14
11.11	0.0000e+00
11.12	0.0000e+00
11.13	0.0000e+00
11.14	0.0000e+00
11.15	0.0000e+00
11.16	0.0000e+00
11.17	0.0000e+00
11.18	0.0000e+00
11.19	0.0000e+00
11.20	0.0000e+00
11.21	0.0000e+00
11.22	0.0000e+00
11.23	0.0000e+00
11.24	0.0000e+00
11.25	0.0000e+00
11.26	0.0000e+00
11.27	0.0000e+00
11.28	0.0000e+00
11.29	0.0000e+00
11.30	0.0000e+00
11.31	0.0000e+00
11.32	0.0000e+00
11.33	0.0000e+00
11.34	0.0000e+00
11.35	0.0000e+00
11.36	0.0000e+00
11.37	0.0000e+00
11.38	0.0000e+00
11.39	0.0000e+00
11.40	0.0000e+00
11.41	1.1220e-14
11.42	1.1220e-14
11.43	1.1220e-14
11.44	1.1220e-14
11.45	1.1220e-14
11.46	1.1220e-14
11.47	1.1220e-14
11.48	1.1220e-14
11.49	1.1220e-14
11.50	1.1220e-14
11.51	1.6231e-14
11.52	1.6231e-14
11.53	1.6231e-14
11.54	1.6231e-14
11.55	1.6231e-14
11.56	1.6231e-14
11.57	1.6231e-14
11.58	1.6231e-14
11.59	1.6231e-14
11.60	1.6231e-14
11.61	1.4237e-14
11.62	1.4237e-14
11.63	1.4237e-14
11.64	1.4237e-14
11.65	1.4237e-14
11.66	1.4237e-14
11.67	1.4237e-14
11.68	1.4237e-14
11.69	1.4237e-14
11.70	1.4237e-14
11.71	1.4446e-14
11.72	1.4446e-14
11.73	1.4446e-14
11.74	1.4446e-14
11.75	1.4446e-14
11.76	1.4446e-14
11.77	1.4446e-14
11.78	1.4446e-14
11.79	1.4446e-14
11.80	1.4446e-14
11.81	0.0000e+00
11.82	0.0000e+00
11.83	0.0000e+00
11.84	0.0000e+00
11.85	0.0000e+00
11.86	0.0000e+00
11.87	0.0000e+00
11.88	0.0000e+00
11.89	0.0000e+00
11.90	0.0000e+00
11.91	0.0000e+00
11.92	0.0000e+00
11.93	0.0000e+00
11.94	0.0000e+00
11.95	0.0000e+00
11.96	0.0000e+00
11.97	0.0000e+00
11.98	0.0000e+00
11.99	0.0000e+00
12.00	0.0000e+00
12.01	1.5482e-14
12.02	1.5482e-14
12.03	1.5482e-14
12.04	1.5482e-14
12.05	1.5482e-14
12.06	1.5482e-14
12.07	1.5482e-14
12.08	1.5482e-14
12.09	1.5482e-14
12.10	1.5482e-14
12.11	0.0000e+00
12.12	0.0000e+00
12.13	0.0000e+00
12.14	0.0000e+00
12.15	0.0000e+00
12.16	0.0000e+00
12.17	0.0000e+00
12.18	0.0000e+00
12.19	0.0000e+00
12.20	0.0000e+00
12.21	0.0000e+00
12.22	0.0000e+00
12.23	0.0000e+00
12.24	0.0000e+00
12.25	0.0000e+00
12.26	0.0000e+00
12.27	0.0000e+00
12.28	0.0000e+00
12.29	0.0000e+00
12.30	0.0000e+00
12.31	0.0000e+00
12.32	0.0000e+00
12.33	0.0000e+00
12.34	0.0000e+00
12.35	0.0000e+00
12.36	0.0000e+00
12.37	0.0000e+00
12.38	0.0000e+00
12.39	0.0000e+00
12.40	0.0000e+00
12.41	0.0000e+00
12.42	0.0000e+00
12.43	0.0000e+00
12.44	0.0000e+00
12.45	0.0000e+00
12.46	0.0000e+00
12.47	0.0000e+00
12.48	0.0000e+00
12.49	0.0000e+00
12.50	0.0000e+00
12.51	0.0000e+00
12.52	0.0000e+00
12.53	0.0000e+00
12.54	0.0000e+00
12.55	0.0000e+00
12.56	0.0000e+00
12.57	0.0000e+00
12.58	0.0000e+00
12.59	0.0000e+00
12.60	0.0000e+00
12.61	1.3091e-14
12.62	1.3091e-14
12.63	1.3091e-14
12.64	1.3091e-14
12.65	1.3091e-14
12.66	1.3091e-14
12.67	1.3091e-14
12.68	1.3091e-14
12.69	1.3091e-14
12.70	1.3091e-14
12.71	0.0000e+00
12.72	0.0000e+00
12.73	0.0000e+00
12.74	0.0000e+00
12.75	0.0000e+00
12.76	0.0000e+00
12.77	0.0000e+00
12.78	0.0000e+00
12.79	0.0000e+00
12.80	0.0000e+00
12.81	0.0000e+00
12.82	0.0000e+00
12.83	0.0000e+00
12.84	0.0000e+00
12.85	0.0000e+00
12.86	0.0000e+00
12.87	0.0000e+00
12.88	0.0000e+00
12.89	0.0000e+00
12.90	0.0000e+00
12.91	0.0000e+00
12.92	0.0000e+00
12.93	0.0000e+00
12.94	0.0000e+00
12.95	0.0000e+00
12.96	0.0000e+00
12.97	0.0000e+00
12.98	0.0000e+00
12.99	0.0000e+00
13.00	0.0000e+00
13.01	0.0000e+00
13.02	0.0000e+00
13.03	0.0000e+00
13.04	0.0000e+00
13.05	0.0000e+00
13.06	0.0000e+00
13.07	0.0000e+00
13.08	0.0000e+00
13.09	0.0000e+00
13.10	0.0000e+00
13.11	0.0000e+00
13.12	0.0000e+00
13.13	0.0000e+00
13.14	0.0000e+00
13.15	0.0000e+00
13.16	0.0000e+00
13.17	0.0000e+00
13.18	0.0000e+00
13.19	0.0000e+00
13.20	0.0000e+00
13.21	0.0000e+00
13.22	0.0000e+00
13.23	0.0000e+00
13.24	0.0000e+00
13.25	0.0000e+00
13.26	0.0000e+00
13.27	0.0000e+00
13.28	0.0000e+00
13.29	0.0000e+00
13.30	0.0000e+00
13.31	0.0000e+00
13.32	0.0000e+00
13.33	0.0000e+00
13.34	0.0000e+00
13.35	0.0000e+00
13.36	0.0000e+00
13.37	0.0000e+00
13.38	0.0000e+00
13.39	0.0000e+00
13.40	0.0000e+00
13.41	0.0000e+00
13.42	0.0000e+00
13.43	0.0000e+00
13.44	0.0000e+00
13.45	0.0000e+00
13.46	0.0000e+00
13.47	0.0000e+00
13.48	0.0000e+00
13.49	0.0000e+00
13.50	0.0000e+00
13.51	0.0000e+00
13.52	0.0000e+00
13.53	0.0000e+00
13.54	0.0000e+00
13.55	0.0000e+00
13.56	0.0000e+00
13.57	0.0000e+00
13.58	0.0000e+00
13.59	0.0000e+00
13.60	0.0000e+00
13.61	1.7192e-14
13.62	1.7192e-14
13.63	1.7192e-14
13.64	1.7192e-14
13.65	1.7192e-14
13.66	1.7192e-14
13.67	1.7192e-14
13.68	1.7192e-14
13.69	1.7192e-14
13.70	1.7192e-14
13.71	1.8616e-14
13.72	1.8616e-14
13.73	1.8616e-14
13.74	1.8616e-14
13.75	1.8616e-14
13.76	1.8616e-14
13.77	1.8616e-14
13.78	1.8616e-14
13.79	1.8616e-14
13.80	1.8616e-14
13.81	0.0000e+00
13.82	0.0000e+00
13.83	0.0000e+00
13.84	0.0000e+00
13.85	0.0000e+00
13.86	0.0000e+00
13.87	0.0000e+00
13.88	0.0000e+00
13.89	0.0000e+00
13.90	0.0000e+00
13.91	0.0000e+00
13.92	0.0000e+00
13.93	0.0000e+00
13.94	0.0000e+00
13.95	0.0000e+00
13.96	0.0000e+00
13.97	0.0000e+00
13.98	0.0000e+00
13.99	0.0000e+00
14.00	0.0000e+00
14.01	0.0000e+00
14.02	0.0000e+00
14.03	0.0000e+00
14.04	0.0000e+00
14.05	0.0000e+00
14.06	0.0000e+00
14.07	0.0000e+00
14.08	0.0000e+00
14.09	0.0000e+00
14.10	0.0000e+00
14.11	0.0000e+00
14.12	0.0000e+00
14.13	0.0000e+00
14.14	0.0000e+00
14.15	0.0000e+00
14.16	0.0000e+00
14.17	0.0000e+00
14.18	0.0000e+00
14.19	0.0000e+00
14.20	0.0000e+00
14.21	0.0000e+00
14.22	0.0000e+00
14.23	0.0000e+00
14.24	0.0000e+00
14.25	0.0000e+00
14.26	0.0000e+00
14.27	0.0000e+00
14.28	0.0000e+00
14.29	0.0000e+00
14.30	0.0000e+00
14.31	0.0000e+00
14.32	0.0000e+00
14.33	0.0000e+00
14.34	0.0000e+00
14.35	0.0000e+00
14.36	0.0000e+00
14.37	0.0000e+00
14.38	0.0000e+00
14.39	0.0000e+00
14.40	0.0000e+00
14.41	0.0000e+00
14.42	0.0000e+00
14.43	0.0000e+00
14.44	0.0000e+00
14.45	0.0000e+00
14.46	0.0000e+00
14.47	0.0000e+00
14.48	0.0000e+00
14.49	0.0000e+00
14.50	0.0000e+00
14.51	0.0000e+00
14.52	0.0000e+00
14.53	0.0000e+00
14.54	0.0000e+00
14.55	0.0000e+00
14.56	0.0000e+00
14.57	0.0000e+00
14.58	0.0000e+00
14.59	0.0000e+00
14.60	0.0000e+00
14.61	0.0000e+00
14.62	0.0000e+00
14.63	0.0000e+00
14.64	0.0000e+00
14.65	0.0000e+00
14.66	0.0000e+00
14.67	0.0000e+00
14.68	0.0000e+00
14.69	0.0000e+00
14.70	0.0000e+00
14.71	0.0000e+00
14.72	0.0000e+00
14.73	0.0000e+00
14.74	0.0000e+00
14.75	0.0000e+00
14.76	0.0000e+00
14.77	0.0000e+00
14.78	0.0000e+00
14.79	0.0000e+00
14.80	0.0000e+00
14.81	0.0000e+00
14.82	0.0000e+00
14.83	0.0000e+00
14.84	0.0000e+00
14.85	0.0000e+00
14.86	0.0000e+00
14.87	0.0000e+00
14.88	0.0000e+00
14.89	0.0000e+00
14.90	0.0000e+00
14.91	0.0000e+00
14.92	0.0000e+00
14.93	0.0000e+00
14.94	0.0000e+00
14.95	0.0000e+00
14.96	0.0000e+00
14.97	0.0000e+00
14.98	0.0000e+00
14.99	0.0000e+00
15.00	0.0000e+00
15.01	0.0000e+00
15.02	0.0000e+00
15.03	0.0000e+00
15.04	0.0000e+00
15.05	0.0000e+00
15.06	0.0000e+00
15.07	0.0000e+00
15.08	0.0000e+00
15.09	0.0000e+00
15.10	0.0000e+00
15.11	0.0000e+00
15.12	0.0000e+00
15.13	0.0000e+00
15.14	0.0000e+00
15.15	0.0000e+00
15.16	0.0000e+00
15.17	0.0000e+00
15.18	0.0000e+00
15.19	0.0000e+00
15.20	0.0000e+00
15.21	0.0000e+00
15.22	0.0000e+00
15.23	0.0000e+00
15.24	0.0000e+00
15.25	0.0000e+00
15.26	0.0000e+00
15.27	0.0000e+00
15.28	0.0000e+00
15.29	0.0000e+00
15.30	0.0000e+00
15.31	0.0000e+00
15.32	0.0000e+00
15.33	0.0000e+00
15.34	0.0000e+00
15.35	0.0000e+00
15.36	0.0000e+00
15.37	0.0000e+00
15.38	0.0000e+00
15.39	0.0000e+00
15.40	0.0000e+00
15.41	0.0000e+00
15.42	0.0000e+00
15.43	0.0000e+00
15.44	0.0000e+00
15.45	0.0000e+00
15.46	0.0000e+00
15.47	0.0000e+00
15.48	0.0000e+00
15.49	0.0000e+00
15.50	0.0000e+00
15.51	0.0000e+00
15.52	0.0000e+00
15.53	0.0000e+00
15.54	0.0000e+00
15.55	0.0000e+00
15.56	0.0000e+00
15.57	0.0000e+00
15.58	0.0000e+00
15.59	0.0000e+00
15.60	0.0000e+00
15.61	0.0000e+00
15.62	0.0000e+00
15.63	0.0000e+00
15.64	0.0000e+00
15.65	0.0000e+00
15.66	0.0000e+00
15.67	0.0000e+00
15.68	0.0000e+00
15.69	0.0000e+00
15.70	0.0000e+00
15.71	0.0000e+00
15.72	0.0000e+00
15.73	0.0000e+00
15.74	0.0000e+00
15.75	0.0000e+00
15.76	0.0000e+00
15.77	0.0000e+00
15.78	0.0000e+00
15.79	0.0000e+00
15.80	0.0000e+00
15.81	0.0000e+00
15.82	0.0000e+00
15.83	0.0000e+00
15.84	0.0000e+00
15.85	0.0000e+00
15.86	0.0000e+00
15.87	0.0000e+00
15.88	0.0000e+00
15.89	0.0000e+00
15.90	0.0000e+00
15.91	0.0000e+00
15.92	0.0000e+00
15.93	0.0000e+00
15.94	0.0000e+00
15.95	0.0000e+00
15.96	0.0000e+00
15.97	0.0000e+00
15.98	0.0000e+00
15.99	0.0000e+00
16.00	0.0000e+00
16.01	0.0000e+00
16.02	0.0000e+00
16.03	0.0000e+00
16.04	0.0000e+00
16.05	0.0000e+00
16.06	0.0000e+00
16.07	0.0000e+00
16.08	0.0000e+00
16.09	0.0000e+00
16.10	0.0000e+00
16.11	0.0000e+00
16.12	0.0000e+00
16.13	0.0000e+00
16.14	0.0000e+00
16.15	0.0000e+00
16.16	0.0000e+00
16.17	0.0000e+00
16.18	0.0000e+00
16.19	0.0000e+00
16.20	0.0000e+00
16.21	0.0000e+00
16.22	0.0000e+00
16.23	0.0000e+00
16.24	0.0000e+00
16.25	0.0000e+00
16.26	0.0000e+00
16.27	0.0000e+00
16.28	0.0000e+00
16.29	0.0000e+00
16.30	0.0000e+00
16.31	0.0000e+00
16.32	0.0000e+00
16.33	0.0000e+00
16.34	0.0000e+00
16.35	0.0000e+00
16.36	0.0000e+00
16.37	0.0000e+00
16.38	0.0000e+00
16.39	0.0000e+00
16.40	0.0000e+00
16.41	0.0000e+00
16.42	0.0000e+00
16.43	0.0000e+00
16.44	0.0000e+00
16.45	0.0000e+00
16.46	0.0000e+00
16.47	0.0000e+00
16.48	0.0000e+00
16.49	0.0000e+00
16.50	0.0000e+00
16.51	0.0000e+00
16.52	0.0000e+00
16.53	0.0000e+00
16.54	0.0000e+00
16.55	0.0000e+00
16.56	0.0000e+00
16.57	0.0000e+00
16.58	0.0000e+00
16.59	0.0000e+00
16.60	0.0000e+00
16.61	0.0000e+00
16.62	0.0000e+00
16.63	0.0000e+00
16.64	0.0000e+00
16.65	0.0000e+00
16.66	0.0000e+00
16.67	0.0000e+00
16.68	0.0000e+00
16.69	0.0000e+00
16.70	0.0000e+00
16.71	0.0000e+00
16.72	0.0000e+00
16.73	0.0000e+00
16.74	0.0000e+00
16.75	0.0000e+00
16.76	0.0000e+00
16.77	0.0000e+00
16.78	0.0000e+00
16.79	0.0000e+00
16.80	0.0000e+00
16.81	0.0000e+00
16.82	0.0000e+00
16.83	0.0000e+00
16.84	0.0000e+00
16.85	0.0000e+00
16.86	0.0000e+00
16.87	0.0000e+00
16.88	0.0000e+00
16.89	0.0000e+00
16.90	0.0000e+00
16.91	0.0000e+00
16.92	0.0000e+00
16.93	0.0000e+00
16.94	0.0000e+00
16.95	0.0000e+00
16.96	0.0000e+00
16.97	0.0000e+00
16.98	0.0000e+00
16.99	0.0000e+00
17.00	0.0000e+00
17.01	0.0000e+00
17.02	0.0000e+00
17.03	0.0000e+00
17.04	0.0000e+00
17.05	0.0000e+00
17.06	0.0000e+00
17.07	0.0000e+00
17.08	0.0000e+00
17.09	0.0000e+00
17.10	0.0000e+00
17.11	0.0000e+00
17.12	0.0000e+00
17.13	0.0000e+00
17.14	0.0000e+00
17.15	0.0000e+00
17.16	0.0000e+00
17.17	0.0000e+00
17.18	0.0000e+00
17.19	0.0000e+00
17.20	0.0000e+00
17.21	0.0000e+00
17.22	0.0000e+00
17.23	0.0000e+00
17.24	0.0000e+00
17.25	0.0000e+00
17.26	0.0000e+00
17.27	0.0000e+00
17.28	0.0000e+00
17.29	0.0000e+00
17.30	0.0000e+00
17.31	0.0000e+00
17.32	0.0000e+00
17.33	0.0000e+00
17.34	0.0000e+00
17.35	0.0000e+00
17.36	0.0000e+00
17.37	0.0000e+00
17.38	0.0000e+00
17.39	0.0000e+00
17.40	0.0000e+00
17.41	0.0000e+00
17.42	0.0000e+00
17.43	0.0000e+00
17.44	0.0000e+00
17.45	0.0000e+00
17.46	0.0000e+00
17.47	0.0000e+00
17.48	0.0000e+00
17.49	0.0000e+00
17.50	0.0000e+00
17.51	0.0000e+00
17.52	0.0000e+00
17.53	0.0000e+00
17.54	0.0000e+00
17.55	0.0000e+00
17.56	0.0000e+00
17.57	0.0000e+00
17.58	0.0000e+00
17.59	0.0000e+00
17.60	0.0000e+00
17.61	0.0000e+00
17.62	0.0000e+00
17.63	0.0000e+00
17.64	0.0000e+00
17.65	0.0000e+00
17.66	0.0000e+00
17.67	0.0000e+00
17.68	0.0000e+00
17.69	0.0000e+00
17.70	0.0000e+00
17.71	0.0000e+00
17.72	0.0000e+00
17.73	0.0000e+00
17.74	0.0000e+00
17.75	0.0000e+00
17.76	0.0000e+00
17.77	0.0000e+00
17.78	0.0000e+00
17.79	0.0000e+00
17.80	0.0000e+00
17.81	0.0000e+00
17.82	0.0000e+00
17.83	0.0000e+00
17.84	0.0000e+00
17.85	0.0000e+00
17.86	0.0000e+00
17.87	0.0000e+00
17.88	0.0000e+00
17.89	0.0000e+00
17.90	0.0000e+00
17.91	0.0000e+00
17.92	0.0000e+00
17.93	0.0000e+00
17.94	0.0000e+00
17.95	0.0000e+00
17.96	0.0000e+00
17.97	0.0000e+00
17.98	0.0000e+00
17.99	0.0000e+00
18.00	0.0000e+00
18.01	0.0000e+00
18.02	0.0000e+00
18.03	0.0000e+00
18.04	0.0000e+00
18.05	0.0000e+00
18.06	0.0000e+00
18.07	0.0000e+00
18.08	0.0000e+00
18.09	0.0000e+00
18.10	0.0000e+00
18.11	0.0000e+00
18.12	0.0000e+00
18.13	0.0000e+00
18.14	0.0000e+00
18.15	0.0000e+00
18.16	0.0000e+00
18.17	0.0000e+00
18.18	0.0000e+00
18.19	0.0000e+00
18.20	0.0000e+00
18.21	0.0000e+00
18.22	0.0000e+00
18.23	0.0000e+00
18.24	0.0000e+00
18.25	0.0000e+00
18.26	0.0000e+00
18.27	0.0000e+00
18.28	0.0000e+00
18.29	0.0000e+00
18.30	0.0000e+00
18.31	0.0000e+00
18.32	0.0000e+00
18.33	0.0000e+00
18.34	0.0000e+00
18.35	0.0000e+00
18.36	0.0000e+00
18.37	0.0000e+00
18.38	0.0000e+00
18.39	0.0000e+00
18.40	0.0000e+00
18.41	0.0000e+00
18.42	0.0000e+00
18.43	0.0000e+00
18.44	0.0000e+00
18.45	0.0000e+00
18.46	0.0000e+00
18.47	0.0000e+00
18.48	0.0000e+00
18.49	0.0000e+00
18.50	0.0000e+00
18.51	0.0000e+00
18.52	0.0000e+00
18.53	0.0000e+00
18.54	0.0000e+00
18.55	0.0000e+00
18.56	0.0000e+00
18.57	0.0000e+00
18.58	0.0000e+00
18.59	0.0000e+00
18.60	0.0000e+00
18.61	0.0000e+00
18.62	0.0000e+00
18.63	0.0000e+00
18.64	0.0000e+00
18.65	0.0000e+00
18.66	0.0000e+00
18.67	0.0000e+00
18.68	0.0000e+00
18.69	0.0000e+00
18.70	0.0000e+00
18.71	0.0000e+00
18.72	0.0000e+00
18.73	0.0000e+00
18.74	0.0000e+00
18.75	0.0000e+00
18.76	0.0000e+00
18.77	0.0000e+00
18.78	0.0000e+00
18.79	0.0000e+00
18.80	0.0000e+00
18.81	0.0000e+00
18.82	0.0000e+00
18.83	0.0000e+00
18.84	0.0000e+00
18.85	0.0000e+00
18.86	0.0000e+00
18.87	0.0000e+00
18.88	0.0000e+00
18.89	0.0000e+00
18.90	0.0000e+00
18.91	0.0000e+00
18.92	0.0000e+00
18.93	0.0000e+00
18.94	0.0000e+00
18.95	0.0000e+00
18.96	0.0000e+00
18.97	0.0000e+00
18.98	0.0000e+00
18.99	0.0000e+00
19.00	0.0000e+00
19.01	0.0000e+00
19.02	0.0000e+00
19.03	0.0000e+00
19.04	0.0000e+00
19.05	0.0000e+00
19.06	0.0000e+00
19.07	0.0000e+00
19.08	0.0000e+00
19.09	0.0000e+00
19.10	0.0000e+00
19.11	0.0000e+00
19.12	0.0000e+00
19.13	0.0000e+00
19.14	0.0000e+00
19.15	0.0000e+00
19.16	0.0000e+00
19.17	0.0000e+00
19.18	0.0000e+00
19.19	0.0000e+00
19.20	0.0000e+00
19.21	0.0000e+00
19.22	0.0000e+00
19.23	0.0000e+00
19.24	0.0000e+00
19.25	0.0000e+00
19.26	0.0000e+00
19.27	0.0000e+00
19.28	0.0000e+00
19.29	0.0000e+00
19.30	0.0000e+00
19.31	0.0000e+00
19.32	0.0000e+00
19.33	0.0000e+00
19.34	0.0000e+00
19.35	0.0000e+00
19.36	0.0000e+00
19.37	0.0000e+00
19.38	0.0000e+00
19.39	0.0000e+00
19.40	0.0000e+00
19.41	0.0000e+00
19.42	0.0000e+00
19.43	0.0000e+00
19.44	0.0000e+00
19.45	0.0000e+00
19.46	0.0000e+00
19.47	0.0000e+00
19.48	0.0000e+00
19.49	0.0000e+00
19.50	0.0000e+00
19.51	0.0000e+00
19.52	0.0000e+00
19.53	0.0000e+00
19.54	0.0000e+00
19.55	0.0000e+00
19.56	0.0000e+00
19.57	0.0000e+00
19.58	0.0000e+00
19.59	0.0000e+00
19.60	0.0000e+00
19.61	0.0000e+00
19.62	0.0000e+00
19.63	0.0000e+00
19.64	0.0000e+00
19.65	0.0000e+00
19.66	0.0000e+00
19.67	0.0000e+00
19.68	0.0000e+00
19.69	0.0000e+00
19.70	0.0000e+00
19.71	0.0000e+00
19.72	0.0000e+00
19.73	0.0000e+00
19.74	0.0000e+00
19.75	0.0000e+00
19.76	0.0000e+00
19.77	0.0000e+00
19.78	0.0000e+00
19.79	0.0000e+00
19.80	0.0000e+00
19.81	0.0000e+00
19.82	0.0000e+00
19.83	0.0000e+00
19.84	0.0000e+00
19.85	0.0000e+00
19.86	0.0000e+00
19.87	0.0000e+00
19.88	0.0000e+00
19.89	0.0000e+00
19.90	0.0000e+00
19.91	0.0000e+00
19.92	0.0000e+00
19.93	0.0000e+00
19.94	0.0000e+00
19.95	0.0000e+00
19.96	0.0000e+00
19.97	0.0000e+00
19.98	0.0000e+00
19.99	0.0000e+00
20.00	0.0000e+00
