0.01	2.0180e-11
0.02	1.7468e-10
0.03	3.6318e-10
0.04	4.9681e-10
0.05	6.0909e-10
0.06	7.1506e-10
0.07	7.9587e-10
0.08	7.9977e-10
0.09	7.8861e-10
0.10	7.4477e-10
0.11	7.3711e-10
0.12	7.1084e-10
0.13	6.7487e-10
0.14	6.4645e-10
0.15	6.2894e-10
0.16	6.0551e-10
0.17	5.6900e-10
0.18	5.3555e-10
0.19	5.3096e-10
0.20	4.9320e-10
0.21	4.7169e-10
0.22	4.2947e-10
0.23	4.3426e-10
0.24	4.0329e-10
0.25	3.7402e-10
0.26	3.5918e-10
0.27	3.4821e-10
0.28	3.3093e-10
0.29	3.1355e-10
0.30	2.8441e-10
0.31	2.8487e-10
0.32	2.6918e-10
0.33	2.5672e-10
0.34	2.4710e-10
0.35	2.3625e-10
0.36	2.4228e-10
0.37	2.1954e-10
0.38	2.0446e-10
0.39	1.9143e-10
0.40	1.8923e-10
0.41	1.7996e-10
0.42	1.6822e-10
0.43	1.6575e-10
0.44	1.5272e-10
0.45	1.5936e-10
0.46	1.5371e-10
0.47	1.3908e-10
0.48	1.3707e-10
0.49	1.4613e-10
0.50	1.3761e-10
0.51	1.3898e-10
0.52	1.3985e-10
0.53	1.1621e-10
0.54	1.1703e-10
0.55	1.1589e-10
0.56	1.0795e-10
0.57	1.0932e-10
0.58	1.0096e-10
0.59	9.8923e-11
0.60	9.7378e-11
0.61	1.0995e-10
0.62	9.2622e-11
0.63	9.2511e-11
0.64	8.9074e-11
0.65	8.4657e-11
0.66	8.4067e-11
0.67	7.8704e-11
0.68	8.2760e-11
0.69	8.0308e-11
0.70	8.7784e-11
0.71	7.0621e-11
0.72	7.1234e-11
0.73	7.5787e-11
0.74	7.2944e-11
0.75	7.3532e-11
0.76	7.2227e-11
0.77	6.5164e-11
0.78	7.0860e-11
0.79	6.0233e-11
0.80	6.3180e-11
0.81	6.4210e-11
0.82	5.6278e-11
0.83	6.5006e-11
0.84	5.8797e-11
0.85	6.1905e-11
0.86	5.4542e-11
0.87	5.6860e-11
0.88	5.0395e-11
0.89	6.1312e-11
0.90	5.7989e-11
0.91	5.6072e-11
0.92	5.1887e-11
0.93	4.6812e-11
0.94	5.1483e-11
0.95	4.8811e-11
0.96	4.9679e-11
0.97	4.7109e-11
0.98	4.7017e-11
0.99	4.7132e-11
1.00	5.3868e-11
1.01	4.9834e-11
1.02	4.7866e-11
1.03	4.3475e-11
1.04	4.0056e-11
1.05	3.7241e-11
1.06	4.0680e-11
1.07	4.3908e-11
1.08	3.4289e-11
1.09	3.8081e-11
1.10	3.7303e-11
1.11	3.5068e-11
1.12	3.5221e-11
1.13	4.0663e-11
1.14	3.1719e-11
1.15	3.7636e-11
1.16	3.0025e-11
1.17	3.9022e-11
1.18	2.9211e-11
1.19	2.9436e-11
1.20	3.6506e-11
1.21	2.8128e-11
1.22	2.9570e-11
1.23	2.9160e-11
1.24	3.3032e-11
1.25	2.7320e-11
1.26	3.3376e-11
1.27	3.2434e-11
1.28	2.1724e-11
1.29	3.2647e-11
1.30	2.7004e-11
1.31	3.0877e-11
1.32	3.2531e-11
1.33	3.4692e-11
1.34	3.3129e-11
1.35	2.9691e-11
1.36	3.2222e-11
1.37	2.3410e-11
1.38	3.1541e-11
1.39	2.9275e-11
1.40	2.8450e-11
1.41	3.1576e-11
1.42	2.4850e-11
1.43	3.0123e-11
1.44	3.1153e-11
1.45	2.8950e-11
1.46	2.3702e-11
1.47	2.5399e-11
1.48	2.0385e-11
1.49	2.9788e-11
1.50	2.2536e-11
1.51	2.4157e-11
1.52	1.8281e-11
1.53	2.5177e-11
1.54	2.3285e-11
1.55	2.1973e-11
1.56	1.7881e-11
1.57	2.0853e-11
1.58	2.5174e-11
1.59	2.4434e-11
1.60	1.7306e-11
1.61	2.2042e-11
1.62	1.9744e-11
1.63	1.4674e-11
1.64	2.2599e-11
1.65	1.9825e-11
1.66	1.7132e-11
1.67	1.6608e-11
1.68	1.7308e-11
1.69	2.7380e-11
1.70	2.5422e-11
1.71	1.7421e-11
1.72	1.4731e-11
1.73	2.3711e-11
1.74	2.4868e-11
1.75	2.1114e-11
1.76	1.8867e-11
1.77	2.1140e-11
1.78	1.8001e-11
1.79	1.3378e-11
1.80	2.5170e-11
1.81	1.4115e-11
1.82	1.2911e-11
1.83	1.7098e-11
1.84	1.4902e-11
1.85	1.3539e-11
1.86	1.8577e-11
1.87	1.8680e-11
1.88	1.1546e-11
1.89	2.0168e-11
1.90	1.5912e-11
1.91	2.0663e-11
1.92	1.1757e-11
1.93	1.7837e-11
1.94	1.3826e-11
1.95	1.7998e-11
1.96	1.1571e-11
1.97	1.2265e-11
1.98	1.3414e-11
1.99	1.3570e-11
2.00	1.4978e-11
2.01	1.4821e-11
2.02	1.4821e-11
2.03	1.4821e-11
2.04	1.4821e-11
2.05	1.4821e-11
2.06	1.4821e-11
2.07	1.4821e-11
2.08	1.4821e-11
2.09	1.4821e-11
2.10	1.4821e-11
2.11	1.0725e-11
2.12	1.0725e-11
2.13	1.0725e-11
2.14	1.0725e-11
2.15	1.0725e-11
2.16	1.0725e-11
2.17	1.0725e-11
2.18	1.0725e-11
2.19	1.0725e-11
2.20	1.0725e-11
2.21	1.1281e-11
2.22	1.1281e-11
2.23	1.1281e-11
2.24	1.1281e-11
2.25	1.1281e-11
2.26	1.1281e-11
2.27	1.1281e-11
2.28	1.1281e-11
2.29	1.1281e-11
2.30	1.1281e-11
2.31	1.0022e-11
2.32	1.0022e-11
2.33	1.0022e-11
2.34	1.0022e-11
2.35	1.0022e-11
2.36	1.0022e-11
2.37	1.0022e-11
2.38	1.0022e-11
2.39	1.0022e-11
2.40	1.0022e-11
2.41	7.3294e-12
2.42	7.3294e-12
2.43	7.3294e-12
2.44	7.3294e-12
2.45	7.3294e-12
2.46	7.3294e-12
2.47	7.3294e-12
2.48	7.3294e-12
2.49	7.3294e-12
2.50	7.3294e-12
2.51	6.7187e-12
2.52	6.7187e-12
2.53	6.7187e-12
2.54	6.7187e-12
2.55	6.7187e-12
2.56	6.7187e-12
2.57	6.7187e-12
2.58	6.7187e-12
2.59	6.7187e-12
2.60	6.7187e-12
2.61	6.2884e-12
2.62	6.2884e-12
2.63	6.2884e-12
2.64	6.2884e-12
2.65	6.2884e-12
2.66	6.2884e-12
2.67	6.2884e-12
2.68	6.2884e-12
2.69	6.2884e-12
2.70	6.2884e-12
2.71	5.6596e-12
2.72	5.6596e-12
2.73	5.6596e-12
2.74	5.6596e-12
2.75	5.6596e-12
2.76	5.6596e-12
2.77	5.6596e-12
2.78	5.6596e-12
2.79	5.6596e-12
2.80	5.6596e-12
2.81	4.8497e-12
2.82	4.8497e-12
2.83	4.8497e-12
2.84	4.8497e-12
2.85	4.8497e-12
2.86	4.8497e-12
2.87	4.8497e-12
2.88	4.8497e-12
2.89	4.8497e-12
2.90	4.8497e-12
2.91	4.0617e-12
2.92	4.0617e-12
2.93	4.0617e-12
2.94	4.0617e-12
2.95	4.0617e-12
2.96	4.0617e-12
2.97	4.0617e-12
2.98	4.0617e-12
2.99	4.0617e-12
3.00	4.0617e-12
3.01	3.9896e-12
3.02	3.9896e-12
3.03	3.9896e-12
3.04	3.9896e-12
3.05	3.9896e-12
3.06	3.9896e-12
3.07	3.9896e-12
3.08	3.9896e-12
3.09	3.9896e-12
3.10	3.9896e-12
3.11	4.2946e-12
3.12	4.2946e-12
3.13	4.2946e-12
3.14	4.2946e-12
3.15	4.2946e-12
3.16	4.2946e-12
3.17	4.2946e-12
3.18	4.2946e-12
3.19	4.2946e-12
3.20	4.2946e-12
3.21	3.2925e-12
3.22	3.2925e-12
3.23	3.2925e-12
3.24	3.2925e-12
3.25	3.2925e-12
3.26	3.2925e-12
3.27	3.2925e-12
3.28	3.2925e-12
3.29	3.2925e-12
3.30	3.2925e-12
3.31	2.1851e-12
3.32	2.1851e-12
3.33	2.1851e-12
3.34	2.1851e-12
3.35	2.1851e-12
3.36	2.1851e-12
3.37	2.1851e-12
3.38	2.1851e-12
3.39	2.1851e-12
3.40	2.1851e-12
3.41	2.9226e-12
3.42	2.9226e-12
3.43	2.9226e-12
3.44	2.9226e-12
3.45	2.9226e-12
3.46	2.9226e-12
3.47	2.9226e-12
3.48	2.9226e-12
3.49	2.9226e-12
3.50	2.9226e-12
3.51	2.1625e-12
3.52	2.1625e-12
3.53	2.1625e-12
3.54	2.1625e-12
3.55	2.1625e-12
3.56	2.1625e-12
3.57	2.1625e-12
3.58	2.1625e-12
3.59	2.1625e-12
3.60	2.1625e-12
3.61	2.1805e-12
3.62	2.1805e-12
3.63	2.1805e-12
3.64	2.1805e-12
3.65	2.1805e-12
3.66	2.1805e-12
3.67	2.1805e-12
3.68	2.1805e-12
3.69	2.1805e-12
3.70	2.1805e-12
3.71	2.0241e-12
3.72	2.0241e-12
3.73	2.0241e-12
3.74	2.0241e-12
3.75	2.0241e-12
3.76	2.0241e-12
3.77	2.0241e-12
3.78	2.0241e-12
3.79	2.0241e-12
3.80	2.0241e-12
3.81	1.6006e-12
3.82	1.6006e-12
3.83	1.6006e-12
3.84	1.6006e-12
3.85	1.6006e-12
3.86	1.6006e-12
3.87	1.6006e-12
3.88	1.6006e-12
3.89	1.6006e-12
3.90	1.6006e-12
3.91	1.5679e-12
3.92	1.5679e-12
3.93	1.5679e-12
3.94	1.5679e-12
3.95	1.5679e-12
3.96	1.5679e-12
3.97	1.5679e-12
3.98	1.5679e-12
3.99	1.5679e-12
4.00	1.5679e-12
4.01	2.0114e-12
4.02	2.0114e-12
4.03	2.0114e-12
4.04	2.0114e-12
4.05	2.0114e-12
4.06	2.0114e-12
4.07	2.0114e-12
4.08	2.0114e-12
4.09	2.0114e-12
4.10	2.0114e-12
4.11	1.6752e-12
4.12	1.6752e-12
4.13	1.6752e-12
4.14	1.6752e-12
4.15	1.6752e-12
4.16	1.6752e-12
4.17	1.6752e-12
4.18	1.6752e-12
4.19	1.6752e-12
4.20	1.6752e-12
4.21	1.6985e-12
4.22	1.6985e-12
4.23	1.6985e-12
4.24	1.6985e-12
4.25	1.6985e-12
4.26	1.6985e-12
4.27	1.6985e-12
4.28	1.6985e-12
4.29	1.6985e-12
4.30	1.6985e-12
4.31	1.4955e-12
4.32	1.4955e-12
4.33	1.4955e-12
4.34	1.4955e-12
4.35	1.4955e-12
4.36	1.4955e-12
4.37	1.4955e-12
4.38	1.4955e-12
4.39	1.4955e-12
4.40	1.4955e-12
4.41	1.3288e-12
4.42	1.3288e-12
4.43	1.3288e-12
4.44	1.3288e-12
4.45	1.3288e-12
4.46	1.3288e-12
4.47	1.3288e-12
4.48	1.3288e-12
4.49	1.3288e-12
4.50	1.3288e-12
4.51	1.2817e-12
4.52	1.2817e-12
4.53	1.2817e-12
4.54	1.2817e-12
4.55	1.2817e-12
4.56	1.2817e-12
4.57	1.2817e-12
4.58	1.2817e-12
4.59	1.2817e-12
4.60	1.2817e-12
4.61	1.0691e-12
4.62	1.0691e-12
4.63	1.0691e-12
4.64	1.0691e-12
4.65	1.0691e-12
4.66	1.0691e-12
4.67	1.0691e-12
4.68	1.0691e-12
4.69	1.0691e-12
4.70	1.0691e-12
4.71	1.1657e-12
4.72	1.1657e-12
4.73	1.1657e-12
4.74	1.1657e-12
4.75	1.1657e-12
4.76	1.1657e-12
4.77	1.1657e-12
4.78	1.1657e-12
4.79	1.1657e-12
4.80	1.1657e-12
4.81	9.9886e-13
4.82	9.9886e-13
4.83	9.9886e-13
4.84	9.9886e-13
4.85	9.9886e-13
4.86	9.9886e-13
4.87	9.9886e-13
4.88	9.9886e-13
4.89	9.9886e-13
4.90	9.9886e-13
4.91	8.4284e-13
4.92	8.4284e-13
4.93	8.4284e-13
4.94	8.4284e-13
4.95	8.4284e-13
4.96	8.4284e-13
4.97	8.4284e-13
4.98	8.4284e-13
4.99	8.4284e-13
5.00	8.4284e-13
5.01	1.0081e-12
5.02	1.0081e-12
5.03	1.0081e-12
5.04	1.0081e-12
5.05	1.0081e-12
5.06	1.0081e-12
5.07	1.0081e-12
5.08	1.0081e-12
5.09	1.0081e-12
5.10	1.0081e-12
5.11	9.2441e-13
5.12	9.2441e-13
5.13	9.2441e-13
5.14	9.2441e-13
5.15	9.2441e-13
5.16	9.2441e-13
5.17	9.2441e-13
5.18	9.2441e-13
5.19	9.2441e-13
5.20	9.2441e-13
5.21	7.9801e-13
5.22	7.9801e-13
5.23	7.9801e-13
5.24	7.9801e-13
5.25	7.9801e-13
5.26	7.9801e-13
5.27	7.9801e-13
5.28	7.9801e-13
5.29	7.9801e-13
5.30	7.9801e-13
5.31	6.8554e-13
5.32	6.8554e-13
5.33	6.8554e-13
5.34	6.8554e-13
5.35	6.8554e-13
5.36	6.8554e-13
5.37	6.8554e-13
5.38	6.8554e-13
5.39	6.8554e-13
5.40	6.8554e-13
5.41	8.1168e-13
5.42	8.1168e-13
5.43	8.1168e-13
5.44	8.1168e-13
5.45	8.1168e-13
5.46	8.1168e-13
5.47	8.1168e-13
5.48	8.1168e-13
5.49	8.1168e-13
5.50	8.1168e-13
5.51	6.7910e-13
5.52	6.7910e-13
5.53	6.7910e-13
5.54	6.7910e-13
5.55	6.7910e-13
5.56	6.7910e-13
5.57	6.7910e-13
5.58	6.7910e-13
5.59	6.7910e-13
5.60	6.7910e-13
5.61	8.7523e-13
5.62	8.7523e-13
5.63	8.7523e-13
5.64	8.7523e-13
5.65	8.7523e-13
5.66	8.7523e-13
5.67	8.7523e-13
5.68	8.7523e-13
5.69	8.7523e-13
5.70	8.7523e-13
5.71	5.9974e-13
5.72	5.9974e-13
5.73	5.9974e-13
5.74	5.9974e-13
5.75	5.9974e-13
5.76	5.9974e-13
5.77	5.9974e-13
5.78	5.9974e-13
5.79	5.9974e-13
5.80	5.9974e-13
5.81	6.2412e-13
5.82	6.2412e-13
5.83	6.2412e-13
5.84	6.2412e-13
5.85	6.2412e-13
5.86	6.2412e-13
5.87	6.2412e-13
5.88	6.2412e-13
5.89	6.2412e-13
5.90	6.2412e-13
5.91	5.0536e-13
5.92	5.0536e-13
5.93	5.0536e-13
5.94	5.0536e-13
5.95	5.0536e-13
5.96	5.0536e-13
5.97	5.0536e-13
5.98	5.0536e-13
5.99	5.0536e-13
6.00	5.0536e-13
6.01	4.8582e-13
6.02	4.8582e-13
6.03	4.8582e-13
6.04	4.8582e-13
6.05	4.8582e-13
6.06	4.8582e-13
6.07	4.8582e-13
6.08	4.8582e-13
6.09	4.8582e-13
6.10	4.8582e-13
6.11	5.6568e-13
6.12	5.6568e-13
6.13	5.6568e-13
6.14	5.6568e-13
6.15	5.6568e-13
6.16	5.6568e-13
6.17	5.6568e-13
6.18	5.6568e-13
6.19	5.6568e-13
6.20	5.6568e-13
6.21	4.0919e-13
6.22	4.0919e-13
6.23	4.0919e-13
6.24	4.0919e-13
6.25	4.0919e-13
6.26	4.0919e-13
6.27	4.0919e-13
6.28	4.0919e-13
6.29	4.0919e-13
6.30	4.0919e-13
6.31	5.5145e-13
6.32	5.5145e-13
6.33	5.5145e-13
6.34	5.5145e-13
6.35	5.5145e-13
6.36	5.5145e-13
6.37	5.5145e-13
6.38	5.5145e-13
6.39	5.5145e-13
6.40	5.5145e-13
6.41	4.7736e-13
6.42	4.7736e-13
6.43	4.7736e-13
6.44	4.7736e-13
6.45	4.7736e-13
6.46	4.7736e-13
6.47	4.7736e-13
6.48	4.7736e-13
6.49	4.7736e-13
6.50	4.7736e-13
6.51	3.2789e-13
6.52	3.2789e-13
6.53	3.2789e-13
6.54	3.2789e-13
6.55	3.2789e-13
6.56	3.2789e-13
6.57	3.2789e-13
6.58	3.2789e-13
6.59	3.2789e-13
6.60	3.2789e-13
6.61	3.1974e-13
6.62	3.1974e-13
6.63	3.1974e-13
6.64	3.1974e-13
6.65	3.1974e-13
6.66	3.1974e-13
6.67	3.1974e-13
6.68	3.1974e-13
6.69	3.1974e-13
6.70	3.1974e-13
6.71	5.3865e-13
6.72	5.3865e-13
6.73	5.3865e-13
6.74	5.3865e-13
6.75	5.3865e-13
6.76	5.3865e-13
6.77	5.3865e-13
6.78	5.3865e-13
6.79	5.3865e-13
6.80	5.3865e-13
6.81	2.9998e-13
6.82	2.9998e-13
6.83	2.9998e-13
6.84	2.9998e-13
6.85	2.9998e-13
6.86	2.9998e-13
6.87	2.9998e-13
6.88	2.9998e-13
6.89	2.9998e-13
6.90	2.9998e-13
6.91	3.0368e-13
6.92	3.0368e-13
6.93	3.0368e-13
6.94	3.0368e-13
6.95	3.0368e-13
6.96	3.0368e-13
6.97	3.0368e-13
6.98	3.0368e-13
6.99	3.0368e-13
7.00	3.0368e-13
7.01	2.8563e-13
7.02	2.8563e-13
7.03	2.8563e-13
7.04	2.8563e-13
7.05	2.8563e-13
7.06	2.8563e-13
7.07	2.8563e-13
7.08	2.8563e-13
7.09	2.8563e-13
7.10	2.8563e-13
7.11	1.5927e-13
7.12	1.5927e-13
7.13	1.5927e-13
7.14	1.5927e-13
7.15	1.5927e-13
7.16	1.5927e-13
7.17	1.5927e-13
7.18	1.5927e-13
7.19	1.5927e-13
7.20	1.5927e-13
7.21	2.3017e-13
7.22	2.3017e-13
7.23	2.3017e-13
7.24	2.3017e-13
7.25	2.3017e-13
7.26	2.3017e-13
7.27	2.3017e-13
7.28	2.3017e-13
7.29	2.3017e-13
7.30	2.3017e-13
7.31	3.1471e-13
7.32	3.1471e-13
7.33	3.1471e-13
7.34	3.1471e-13
7.35	3.1471e-13
7.36	3.1471e-13
7.37	3.1471e-13
7.38	3.1471e-13
7.39	3.1471e-13
7.40	3.1471e-13
7.41	1.6706e-13
7.42	1.6706e-13
7.43	1.6706e-13
7.44	1.6706e-13
7.45	1.6706e-13
7.46	1.6706e-13
7.47	1.6706e-13
7.48	1.6706e-13
7.49	1.6706e-13
7.50	1.6706e-13
7.51	1.6513e-13
7.52	1.6513e-13
7.53	1.6513e-13
7.54	1.6513e-13
7.55	1.6513e-13
7.56	1.6513e-13
7.57	1.6513e-13
7.58	1.6513e-13
7.59	1.6513e-13
7.60	1.6513e-13
7.61	1.6215e-13
7.62	1.6215e-13
7.63	1.6215e-13
7.64	1.6215e-13
7.65	1.6215e-13
7.66	1.6215e-13
7.67	1.6215e-13
7.68	1.6215e-13
7.69	1.6215e-13
7.70	1.6215e-13
7.71	1.9058e-13
7.72	1.9058e-13
7.73	1.9058e-13
7.74	1.9058e-13
7.75	1.9058e-13
7.76	1.9058e-13
7.77	1.9058e-13
7.78	1.9058e-13
7.79	1.9058e-13
7.80	1.9058e-13
7.81	1.5004e-13
7.82	1.5004e-13
7.83	1.5004e-13
7.84	1.5004e-13
7.85	1.5004e-13
7.86	1.5004e-13
7.87	1.5004e-13
7.88	1.5004e-13
7.89	1.5004e-13
7.90	1.5004e-13
7.91	1.1924e-13
7.92	1.1924e-13
7.93	1.1924e-13
7.94	1.1924e-13
7.95	1.1924e-13
7.96	1.1924e-13
7.97	1.1924e-13
7.98	1.1924e-13
7.99	1.1924e-13
8.00	1.1924e-13
8.01	6.2370e-14
8.02	6.2370e-14
8.03	6.2370e-14
8.04	6.2370e-14
8.05	6.2370e-14
8.06	6.2370e-14
8.07	6.2370e-14
8.08	6.2370e-14
8.09	6.2370e-14
8.10	6.2370e-14
8.11	8.6729e-14
8.12	8.6729e-14
8.13	8.6729e-14
8.14	8.6729e-14
8.15	8.6729e-14
8.16	8.6729e-14
8.17	8.6729e-14
8.18	8.6729e-14
8.19	8.6729e-14
8.20	8.6729e-14
8.21	1.2298e-13
8.22	1.2298e-13
8.23	1.2298e-13
8.24	1.2298e-13
8.25	1.2298e-13
8.26	1.2298e-13
8.27	1.2298e-13
8.28	1.2298e-13
8.29	1.2298e-13
8.30	1.2298e-13
8.31	1.0289e-13
8.32	1.0289e-13
8.33	1.0289e-13
8.34	1.0289e-13
8.35	1.0289e-13
8.36	1.0289e-13
8.37	1.0289e-13
8.38	1.0289e-13
8.39	1.0289e-13
8.40	1.0289e-13
8.41	9.3967e-14
8.42	9.3967e-14
8.43	9.3967e-14
8.44	9.3967e-14
8.45	9.3967e-14
8.46	9.3967e-14
8.47	9.3967e-14
8.48	9.3967e-14
8.49	9.3967e-14
8.50	9.3967e-14
8.51	9.3388e-14
8.52	9.3388e-14
8.53	9.3388e-14
8.54	9.3388e-14
8.55	9.3388e-14
8.56	9.3388e-14
8.57	9.3388e-14
8.58	9.3388e-14
8.59	9.3388e-14
8.60	9.3388e-14
8.61	7.2040e-14
8.62	7.2040e-14
8.63	7.2040e-14
8.64	7.2040e-14
8.65	7.2040e-14
8.66	7.2040e-14
8.67	7.2040e-14
8.68	7.2040e-14
8.69	7.2040e-14
8.70	7.2040e-14
8.71	4.8485e-14
8.72	4.8485e-14
8.73	4.8485e-14
8.74	4.8485e-14
8.75	4.8485e-14
8.76	4.8485e-14
8.77	4.8485e-14
8.78	4.8485e-14
8.79	4.8485e-14
8.80	4.8485e-14
8.81	6.1743e-14
8.82	6.1743e-14
8.83	6.1743e-14
8.84	6.1743e-14
8.85	6.1743e-14
8.86	6.1743e-14
8.87	6.1743e-14
8.88	6.1743e-14
8.89	6.1743e-14
8.90	6.1743e-14
8.91	4.3525e-14
8.92	4.3525e-14
8.93	4.3525e-14
8.94	4.3525e-14
8.95	4.3525e-14
8.96	4.3525e-14
8.97	4.3525e-14
8.98	4.3525e-14
8.99	4.3525e-14
9.00	4.3525e-14
9.01	3.8164e-14
9.02	3.8164e-14
9.03	3.8164e-14
9.04	3.8164e-14
9.05	3.8164e-14
9.06	3.8164e-14
9.07	3.8164e-14
9.08	3.8164e-14
9.09	3.8164e-14
9.10	3.8164e-14
9.11	5.4737e-14
9.12	5.4737e-14
9.13	5.4737e-14
9.14	5.4737e-14
9.15	5.4737e-14
9.16	5.4737e-14
9.17	5.4737e-14
9.18	5.4737e-14
9.19	5.4737e-14
9.20	5.4737e-14
9.21	3.3293e-14
9.22	3.3293e-14
9.23	3.3293e-14
9.24	3.3293e-14
9.25	3.3293e-14
9.26	3.3293e-14
9.27	3.3293e-14
9.28	3.3293e-14
9.29	3.3293e-14
9.30	3.3293e-14
9.31	6.0161e-14
9.32	6.0161e-14
9.33	6.0161e-14
9.34	6.0161e-14
9.35	6.0161e-14
9.36	6.0161e-14
9.37	6.0161e-14
9.38	6.0161e-14
9.39	6.0161e-14
9.40	6.0161e-14
9.41	0.0000e+00
9.42	0.0000e+00
9.43	0.0000e+00
9.44	0.0000e+00
9.45	0.0000e+00
9.46	0.0000e+00
9.47	0.0000e+00
9.48	0.0000e+00
9.49	0.0000e+00
9.50	0.0000e+00
9.51	2.2614e-14
9.52	2.2614e-14
9.53	2.2614e-14
9.54	2.2614e-14
9.55	2.2614e-14
9.56	2.2614e-14
9.57	2.2614e-14
9.58	2.2614e-14
9.59	2.2614e-14
9.60	2.2614e-14
9.61	4.4263e-14
9.62	4.4263e-14
9.63	4.4263e-14
9.64	4.4263e-14
9.65	4.4263e-14
9.66	4.4263e-14
9.67	4.4263e-14
9.68	4.4263e-14
9.69	4.4263e-14
9.70	4.4263e-14
9.71	3.7874e-14
9.72	3.7874e-14
9.73	3.7874e-14
9.74	3.7874e-14
9.75	3.7874e-14
9.76	3.7874e-14
9.77	3.7874e-14
9.78	3.7874e-14
9.79	3.7874e-14
9.80	3.7874e-14
9.81	3.7944e-14
9.82	3.7944e-14
9.83	3.7944e-14
9.84	3.7944e-14
9.85	3.7944e-14
9.86	3.7944e-14
9.87	3.7944e-14
9.88	3.7944e-14
9.89	3.7944e-14
9.90	3.7944e-14
9.91	2.2917e-14
9.92	2.2917e-14
9.93	2.2917e-14
9.94	2.2917e-14
9.95	2.2917e-14
9.96	2.2917e-14
9.97	2.2917e-14
9.98	2.2917e-14
9.99	2.2917e-14
10.00	2.2917e-14
10.01	3.3854e-14
10.02	3.3854e-14
10.03	3.3854e-14
10.04	3.3854e-14
10.05	3.3854e-14
10.06	3.3854e-14
10.07	3.3854e-14
10.08	3.3854e-14
10.09	3.3854e-14
10.10	3.3854e-14
10.11	8.6127e-15
10.12	8.6127e-15
10.13	8.6127e-15
10.14	8.6127e-15
10.15	8.6127e-15
10.16	8.6127e-15
10.17	8.6127e-15
10.18	8.6127e-15
10.19	8.6127e-15
10.20	8.6127e-15
10.21	3.7521e-14
10.22	3.7521e-14
10.23	3.7521e-14
10.24	3.7521e-14
10.25	3.7521e-14
10.26	3.7521e-14
10.27	3.7521e-14
10.28	3.7521e-14
10.29	3.7521e-14
10.30	3.7521e-14
10.31	6.2404e-14
10.32	6.2404e-14
10.33	6.2404e-14
10.34	6.2404e-14
10.35	6.2404e-14
10.36	6.2404e-14
10.37	6.2404e-14
10.38	6.2404e-14
10.39	6.2404e-14
10.40	6.2404e-14
10.41	6.7473e-14
10.42	6.7473e-14
10.43	6.7473e-14
10.44	6.7473e-14
10.45	6.7473e-14
10.46	6.7473e-14
10.47	6.7473e-14
10.48	6.7473e-14
10.49	6.7473e-14
10.50	6.7473e-14
10.51	3.0001e-14
10.52	3.0001e-14
10.53	3.0001e-14
10.54	3.0001e-14
10.55	3.0001e-14
10.56	3.0001e-14
10.57	3.0001e-14
10.58	3.0001e-14
10.59	3.0001e-14
10.60	3.0001e-14
10.61	1.4154e-14
10.62	1.4154e-14
10.63	1.4154e-14
10.64	1.4154e-14
10.65	1.4154e-14
10.66	1.4154e-14
10.67	1.4154e-14
10.68	1.4154e-14
10.69	1.4154e-14
10.70	1.4154e-14
10.71	8.0923e-14
10.72	8.0923e-14
10.73	8.0923e-14
10.74	8.0923e-14
10.75	8.0923e-14
10.76	8.0923e-14
10.77	8.0923e-14
10.78	8.0923e-14
10.79	8.0923e-14
10.80	8.0923e-14
10.81	2.6320e-14
10.82	2.6320e-14
10.83	2.6320e-14
10.84	2.6320e-14
10.85	2.6320e-14
10.86	2.6320e-14
10.87	2.6320e-14
10.88	2.6320e-14
10.89	2.6320e-14
10.90	2.6320e-14
10.91	0.0000e+00
10.92	0.0000e+00
10.93	0.0000e+00
10.94	0.0000e+00
10.95	0.0000e+00
10.96	0.0000e+00
10.97	0.0000e+00
10.98	0.0000e+00
10.99	0.0000e+00
11.00	0.0000e+00
11.01	2.5692e-14
11.02	2.5692e-14
11.03	2.5692e-14
11.04	2.5692e-14
11.05	2.5692e-14
11.06	2.5692e-14
11.07	2.5692e-14
11.08	2.5692e-14
11.09	2.5692e-14
11.10	2.5692e-14
11.11	2.5415e-14
11.12	2.5415e-14
11.13	2.5415e-14
11.14	2.5415e-14
11.15	2.5415e-14
11.16	2.5415e-14
11.17	2.5415e-14
11.18	2.5415e-14
11.19	2.5415e-14
11.20	2.5415e-14
11.21	0.0000e+00
11.22	0.0000e+00
11.23	0.0000e+00
11.24	0.0000e+00
11.25	0.0000e+00
11.26	0.0000e+00
11.27	0.0000e+00
11.28	0.0000e+00
11.29	0.0000e+00
11.30	0.0000e+00
11.31	2.1600e-14
11.32	2.1600e-14
11.33	2.1600e-14
11.34	2.1600e-14
11.35	2.1600e-14
11.36	2.1600e-14
11.37	2.1600e-14
11.38	2.1600e-14
11.39	2.1600e-14
11.40	2.1600e-14
11.41	0.0000e+00
11.42	0.0000e+00
11.43	0.0000e+00
11.44	0.0000e+00
11.45	0.0000e+00
11.46	0.0000e+00
11.47	0.0000e+00
11.48	0.0000e+00
11.49	0.0000e+00
11.50	0.0000e+00
11.51	1.3489e-14
11.52	1.3489e-14
11.53	1.3489e-14
11.54	1.3489e-14
11.55	1.3489e-14
11.56	1.3489e-14
11.57	1.3489e-14
11.58	1.3489e-14
11.59	1.3489e-14
11.60	1.3489e-14
11.61	0.0000e+00
11.62	0.0000e+00
11.63	0.0000e+00
11.64	0.0000e+00
11.65	0.0000e+00
11.66	0.0000e+00
11.67	0.0000e+00
11.68	0.0000e+00
11.69	0.0000e+00
11.70	0.0000e+00
11.71	0.0000e+00
11.72	0.0000e+00
11.73	0.0000e+00
11.74	0.0000e+00
11.75	0.0000e+00
11.76	0.0000e+00
11.77	0.0000e+00
11.78	0.0000e+00
11.79	0.0000e+00
11.80	0.0000e+00
11.81	0.0000e+00
11.82	0.0000e+00
11.83	0.0000e+00
11.84	0.0000e+00
11.85	0.0000e+00
11.86	0.0000e+00
11.87	0.0000e+00
11.88	0.0000e+00
11.89	0.0000e+00
11.90	0.0000e+00
11.91	0.0000e+00
11.92	0.0000e+00
11.93	0.0000e+00
11.94	0.0000e+00
11.95	0.0000e+00
11.96	0.0000e+00
11.97	0.0000e+00
11.98	0.0000e+00
11.99	0.0000e+00
12.00	0.0000e+00
12.01	0.0000e+00
12.02	0.0000e+00
12.03	0.0000e+00
12.04	0.0000e+00
12.05	0.0000e+00
12.06	0.0000e+00
12.07	0.0000e+00
12.08	0.0000e+00
12.09	0.0000e+00
12.10	0.0000e+00
12.11	0.0000e+00
12.12	0.0000e+00
12.13	0.0000e+00
12.14	0.0000e+00
12.15	0.0000e+00
12.16	0.0000e+00
12.17	0.0000e+00
12.18	0.0000e+00
12.19	0.0000e+00
12.20	0.0000e+00
12.21	3.6331e-14
12.22	3.6331e-14
12.23	3.6331e-14
12.24	3.6331e-14
12.25	3.6331e-14
12.26	3.6331e-14
12.27	3.6331e-14
12.28	3.6331e-14
12.29	3.6331e-14
12.30	3.6331e-14
12.31	0.0000e+00
12.32	0.0000e+00
12.33	0.0000e+00
12.34	0.0000e+00
12.35	0.0000e+00
12.36	0.0000e+00
12.37	0.0000e+00
12.38	0.0000e+00
12.39	0.0000e+00
12.40	0.0000e+00
12.41	0.0000e+00
12.42	0.0000e+00
12.43	0.0000e+00
12.44	0.0000e+00
12.45	0.0000e+00
12.46	0.0000e+00
12.47	0.0000e+00
12.48	0.0000e+00
12.49	0.0000e+00
12.50	0.0000e+00
12.51	0.0000e+00
12.52	0.0000e+00
12.53	0.0000e+00
12.54	0.0000e+00
12.55	0.0000e+00
12.56	0.0000e+00
12.57	0.0000e+00
12.58	0.0000e+00
12.59	0.0000e+00
12.60	0.0000e+00
12.61	1.5538e-14
12.62	1.5538e-14
12.63	1.5538e-14
12.64	1.5538e-14
12.65	1.5538e-14
12.66	1.5538e-14
12.67	1.5538e-14
12.68	1.5538e-14
12.69	1.5538e-14
12.70	1.5538e-14
12.71	0.0000e+00
12.72	0.0000e+00
12.73	0.0000e+00
12.74	0.0000e+00
12.75	0.0000e+00
12.76	0.0000e+00
12.77	0.0000e+00
12.78	0.0000e+00
12.79	0.0000e+00
12.80	0.0000e+00
12.81	0.0000e+00
12.82	0.0000e+00
12.83	0.0000e+00
12.84	0.0000e+00
12.85	0.0000e+00
12.86	0.0000e+00
12.87	0.0000e+00
12.88	0.0000e+00
12.89	0.0000e+00
12.90	0.0000e+00
12.91	1.3405e-14
12.92	1.3405e-14
12.93	1.3405e-14
12.94	1.3405e-14
12.95	1.3405e-14
12.96	1.3405e-14
12.97	1.3405e-14
12.98	1.3405e-14
12.99	1.3405e-14
13.00	1.3405e-14
13.01	1.1067e-14
13.02	1.1067e-14
13.03	1.1067e-14
13.04	1.1067e-14
13.05	1.1067e-14
13.06	1.1067e-14
13.07	1.1067e-14
13.08	1.1067e-14
13.09	1.1067e-14
13.10	1.1067e-14
13.11	0.0000e+00
13.12	0.0000e+00
13.13	0.0000e+00
13.14	0.0000e+00
13.15	0.0000e+00
13.16	0.0000e+00
13.17	0.0000e+00
13.18	0.0000e+00
13.19	0.0000e+00
13.20	0.0000e+00
13.21	0.0000e+00
13.22	0.0000e+00
13.23	0.0000e+00
13.24	0.0000e+00
13.25	0.0000e+00
13.26	0.0000e+00
13.27	0.0000e+00
13.28	0.0000e+00
13.29	0.0000e+00
13.30	0.0000e+00
13.31	0.0000e+00
13.32	0.0000e+00
13.33	0.0000e+00
13.34	0.0000e+00
13.35	0.0000e+00
13.36	0.0000e+00
13.37	0.0000e+00
13.38	0.0000e+00
13.39	0.0000e+00
13.40	0.0000e+00
13.41	1.9585e-14
13.42	1.9585e-14
13.43	1.9585e-14
13.44	1.9585e-14
13.45	1.9585e-14
13.46	1.9585e-14
13.47	1.9585e-14
13.48	1.9585e-14
13.49	1.9585e-14
13.50	1.9585e-14
13.51	0.0000e+00
13.52	0.0000e+00
13.53	0.0000e+00
13.54	0.0000e+00
13.55	0.0000e+00
13.56	0.0000e+00
13.57	0.0000e+00
13.58	0.0000e+00
13.59	0.0000e+00
13.60	0.0000e+00
13.61	0.0000e+00
13.62	0.0000e+00
13.63	0.0000e+00
13.64	0.0000e+00
13.65	0.0000e+00
13.66	0.0000e+00
13.67	0.0000e+00
13.68	0.0000e+00
13.69	0.0000e+00
13.70	0.0000e+00
13.71	3.4177e-14
13.72	3.4177e-14
13.73	3.4177e-14
13.74	3.4177e-14
13.75	3.4177e-14
13.76	3.4177e-14
13.77	3.4177e-14
13.78	3.4177e-14
13.79	3.4177e-14
13.80	3.4177e-14
13.81	0.0000e+00
13.82	0.0000e+00
13.83	0.0000e+00
13.84	0.0000e+00
13.85	0.0000e+00
13.86	0.0000e+00
13.87	0.0000e+00
13.88	0.0000e+00
13.89	0.0000e+00
13.90	0.0000e+00
13.91	1.6558e-14
13.92	1.6558e-14
13.93	1.6558e-14
13.94	1.6558e-14
13.95	1.6558e-14
13.96	1.6558e-14
13.97	1.6558e-14
13.98	1.6558e-14
13.99	1.6558e-14
14.00	1.6558e-14
14.01	0.0000e+00
14.02	0.0000e+00
14.03	0.0000e+00
14.04	0.0000e+00
14.05	0.0000e+00
14.06	0.0000e+00
14.07	0.0000e+00
14.08	0.0000e+00
14.09	0.0000e+00
14.10	0.0000e+00
14.11	1.6113e-14
14.12	1.6113e-14
14.13	1.6113e-14
14.14	1.6113e-14
14.15	1.6113e-14
14.16	1.6113e-14
14.17	1.6113e-14
14.18	1.6113e-14
14.19	1.6113e-14
14.20	1.6113e-14
14.21	0.0000e+00
14.22	0.0000e+00
14.23	0.0000e+00
14.24	0.0000e+00
14.25	0.0000e+00
14.26	0.0000e+00
14.27	0.0000e+00
14.28	0.0000e+00
14.29	0.0000e+00
14.30	0.0000e+00
14.31	0.0000e+00
14.32	0.0000e+00
14.33	0.0000e+00
14.34	0.0000e+00
14.35	0.0000e+00
14.36	0.0000e+00
14.37	0.0000e+00
14.38	0.0000e+00
14.39	0.0000e+00
14.40	0.0000e+00
14.41	0.0000e+00
14.42	0.0000e+00
14.43	0.0000e+00
14.44	0.0000e+00
14.45	0.0000e+00
14.46	0.0000e+00
14.47	0.0000e+00
14.48	0.0000e+00
14.49	0.0000e+00
14.50	0.0000e+00
14.51	0.0000e+00
14.52	0.0000e+00
14.53	0.0000e+00
14.54	0.0000e+00
14.55	0.0000e+00
14.56	0.0000e+00
14.57	0.0000e+00
14.58	0.0000e+00
14.59	0.0000e+00
14.60	0.0000e+00
14.61	0.0000e+00
14.62	0.0000e+00
14.63	0.0000e+00
14.64	0.0000e+00
14.65	0.0000e+00
14.66	0.0000e+00
14.67	0.0000e+00
14.68	0.0000e+00
14.69	0.0000e+00
14.70	0.0000e+00
14.71	0.0000e+00
14.72	0.0000e+00
14.73	0.0000e+00
14.74	0.0000e+00
14.75	0.0000e+00
14.76	0.0000e+00
14.77	0.0000e+00
14.78	0.0000e+00
14.79	0.0000e+00
14.80	0.0000e+00
14.81	0.0000e+00
14.82	0.0000e+00
14.83	0.0000e+00
14.84	0.0000e+00
14.85	0.0000e+00
14.86	0.0000e+00
14.87	0.0000e+00
14.88	0.0000e+00
14.89	0.0000e+00
14.90	0.0000e+00
14.91	0.0000e+00
14.92	0.0000e+00
14.93	0.0000e+00
14.94	0.0000e+00
14.95	0.0000e+00
14.96	0.0000e+00
14.97	0.0000e+00
14.98	0.0000e+00
14.99	0.0000e+00
15.00	0.0000e+00
15.01	0.0000e+00
15.02	0.0000e+00
15.03	0.0000e+00
15.04	0.0000e+00
15.05	0.0000e+00
15.06	0.0000e+00
15.07	0.0000e+00
15.08	0.0000e+00
15.09	0.0000e+00
15.10	0.0000e+00
15.11	0.0000e+00
15.12	0.0000e+00
15.13	0.0000e+00
15.14	0.0000e+00
15.15	0.0000e+00
15.16	0.0000e+00
15.17	0.0000e+00
15.18	0.0000e+00
15.19	0.0000e+00
15.20	0.0000e+00
15.21	0.0000e+00
15.22	0.0000e+00
15.23	0.0000e+00
15.24	0.0000e+00
15.25	0.0000e+00
15.26	0.0000e+00
15.27	0.0000e+00
15.28	0.0000e+00
15.29	0.0000e+00
15.30	0.0000e+00
15.31	0.0000e+00
15.32	0.0000e+00
15.33	0.0000e+00
15.34	0.0000e+00
15.35	0.0000e+00
15.36	0.0000e+00
15.37	0.0000e+00
15.38	0.0000e+00
15.39	0.0000e+00
15.40	0.0000e+00
15.41	0.0000e+00
15.42	0.0000e+00
15.43	0.0000e+00
15.44	0.0000e+00
15.45	0.0000e+00
15.46	0.0000e+00
15.47	0.0000e+00
15.48	0.0000e+00
15.49	0.0000e+00
15.50	0.0000e+00
15.51	0.0000e+00
15.52	0.0000e+00
15.53	0.0000e+00
15.54	0.0000e+00
15.55	0.0000e+00
15.56	0.0000e+00
15.57	0.0000e+00
15.58	0.0000e+00
15.59	0.0000e+00
15.60	0.0000e+00
15.61	0.0000e+00
15.62	0.0000e+00
15.63	0.0000e+00
15.64	0.0000e+00
15.65	0.0000e+00
15.66	0.0000e+00
15.67	0.0000e+00
15.68	0.0000e+00
15.69	0.0000e+00
15.70	0.0000e+00
15.71	0.0000e+00
15.72	0.0000e+00
15.73	0.0000e+00
15.74	0.0000e+00
15.75	0.0000e+00
15.76	0.0000e+00
15.77	0.0000e+00
15.78	0.0000e+00
15.79	0.0000e+00
15.80	0.0000e+00
15.81	0.0000e+00
15.82	0.0000e+00
15.83	0.0000e+00
15.84	0.0000e+00
15.85	0.0000e+00
15.86	0.0000e+00
15.87	0.0000e+00
15.88	0.0000e+00
15.89	0.0000e+00
15.90	0.0000e+00
15.91	0.0000e+00
15.92	0.0000e+00
15.93	0.0000e+00
15.94	0.0000e+00
15.95	0.0000e+00
15.96	0.0000e+00
15.97	0.0000e+00
15.98	0.0000e+00
15.99	0.0000e+00
16.00	0.0000e+00
16.01	0.0000e+00
16.02	0.0000e+00
16.03	0.0000e+00
16.04	0.0000e+00
16.05	0.0000e+00
16.06	0.0000e+00
16.07	0.0000e+00
16.08	0.0000e+00
16.09	0.0000e+00
16.10	0.0000e+00
16.11	0.0000e+00
16.12	0.0000e+00
16.13	0.0000e+00
16.14	0.0000e+00
16.15	0.0000e+00
16.16	0.0000e+00
16.17	0.0000e+00
16.18	0.0000e+00
16.19	0.0000e+00
16.20	0.0000e+00
16.21	0.0000e+00
16.22	0.0000e+00
16.23	0.0000e+00
16.24	0.0000e+00
16.25	0.0000e+00
16.26	0.0000e+00
16.27	0.0000e+00
16.28	0.0000e+00
16.29	0.0000e+00
16.30	0.0000e+00
16.31	0.0000e+00
16.32	0.0000e+00
16.33	0.0000e+00
16.34	0.0000e+00
16.35	0.0000e+00
16.36	0.0000e+00
16.37	0.0000e+00
16.38	0.0000e+00
16.39	0.0000e+00
16.40	0.0000e+00
16.41	0.0000e+00
16.42	0.0000e+00
16.43	0.0000e+00
16.44	0.0000e+00
16.45	0.0000e+00
16.46	0.0000e+00
16.47	0.0000e+00
16.48	0.0000e+00
16.49	0.0000e+00
16.50	0.0000e+00
16.51	0.0000e+00
16.52	0.0000e+00
16.53	0.0000e+00
16.54	0.0000e+00
16.55	0.0000e+00
16.56	0.0000e+00
16.57	0.0000e+00
16.58	0.0000e+00
16.59	0.0000e+00
16.60	0.0000e+00
16.61	0.0000e+00
16.62	0.0000e+00
16.63	0.0000e+00
16.64	0.0000e+00
16.65	0.0000e+00
16.66	0.0000e+00
16.67	0.0000e+00
16.68	0.0000e+00
16.69	0.0000e+00
16.70	0.0000e+00
16.71	0.0000e+00
16.72	0.0000e+00
16.73	0.0000e+00
16.74	0.0000e+00
16.75	0.0000e+00
16.76	0.0000e+00
16.77	0.0000e+00
16.78	0.0000e+00
16.79	0.0000e+00
16.80	0.0000e+00
16.81	0.0000e+00
16.82	0.0000e+00
16.83	0.0000e+00
16.84	0.0000e+00
16.85	0.0000e+00
16.86	0.0000e+00
16.87	0.0000e+00
16.88	0.0000e+00
16.89	0.0000e+00
16.90	0.0000e+00
16.91	0.0000e+00
16.92	0.0000e+00
16.93	0.0000e+00
16.94	0.0000e+00
16.95	0.0000e+00
16.96	0.0000e+00
16.97	0.0000e+00
16.98	0.0000e+00
16.99	0.0000e+00
17.00	0.0000e+00
17.01	0.0000e+00
17.02	0.0000e+00
17.03	0.0000e+00
17.04	0.0000e+00
17.05	0.0000e+00
17.06	0.0000e+00
17.07	0.0000e+00
17.08	0.0000e+00
17.09	0.0000e+00
17.10	0.0000e+00
17.11	0.0000e+00
17.12	0.0000e+00
17.13	0.0000e+00
17.14	0.0000e+00
17.15	0.0000e+00
17.16	0.0000e+00
17.17	0.0000e+00
17.18	0.0000e+00
17.19	0.0000e+00
17.20	0.0000e+00
17.21	0.0000e+00
17.22	0.0000e+00
17.23	0.0000e+00
17.24	0.0000e+00
17.25	0.0000e+00
17.26	0.0000e+00
17.27	0.0000e+00
17.28	0.0000e+00
17.29	0.0000e+00
17.30	0.0000e+00
17.31	0.0000e+00
17.32	0.0000e+00
17.33	0.0000e+00
17.34	0.0000e+00
17.35	0.0000e+00
17.36	0.0000e+00
17.37	0.0000e+00
17.38	0.0000e+00
17.39	0.0000e+00
17.40	0.0000e+00
17.41	0.0000e+00
17.42	0.0000e+00
17.43	0.0000e+00
17.44	0.0000e+00
17.45	0.0000e+00
17.46	0.0000e+00
17.47	0.0000e+00
17.48	0.0000e+00
17.49	0.0000e+00
17.50	0.0000e+00
17.51	0.0000e+00
17.52	0.0000e+00
17.53	0.0000e+00
17.54	0.0000e+00
17.55	0.0000e+00
17.56	0.0000e+00
17.57	0.0000e+00
17.58	0.0000e+00
17.59	0.0000e+00
17.60	0.0000e+00
17.61	0.0000e+00
17.62	0.0000e+00
17.63	0.0000e+00
17.64	0.0000e+00
17.65	0.0000e+00
17.66	0.0000e+00
17.67	0.0000e+00
17.68	0.0000e+00
17.69	0.0000e+00
17.70	0.0000e+00
17.71	0.0000e+00
17.72	0.0000e+00
17.73	0.0000e+00
17.74	0.0000e+00
17.75	0.0000e+00
17.76	0.0000e+00
17.77	0.0000e+00
17.78	0.0000e+00
17.79	0.0000e+00
17.80	0.0000e+00
17.81	0.0000e+00
17.82	0.0000e+00
17.83	0.0000e+00
17.84	0.0000e+00
17.85	0.0000e+00
17.86	0.0000e+00
17.87	0.0000e+00
17.88	0.0000e+00
17.89	0.0000e+00
17.90	0.0000e+00
17.91	0.0000e+00
17.92	0.0000e+00
17.93	0.0000e+00
17.94	0.0000e+00
17.95	0.0000e+00
17.96	0.0000e+00
17.97	0.0000e+00
17.98	0.0000e+00
17.99	0.0000e+00
18.00	0.0000e+00
18.01	0.0000e+00
18.02	0.0000e+00
18.03	0.0000e+00
18.04	0.0000e+00
18.05	0.0000e+00
18.06	0.0000e+00
18.07	0.0000e+00
18.08	0.0000e+00
18.09	0.0000e+00
18.10	0.0000e+00
18.11	0.0000e+00
18.12	0.0000e+00
18.13	0.0000e+00
18.14	0.0000e+00
18.15	0.0000e+00
18.16	0.0000e+00
18.17	0.0000e+00
18.18	0.0000e+00
18.19	0.0000e+00
18.20	0.0000e+00
18.21	0.0000e+00
18.22	0.0000e+00
18.23	0.0000e+00
18.24	0.0000e+00
18.25	0.0000e+00
18.26	0.0000e+00
18.27	0.0000e+00
18.28	0.0000e+00
18.29	0.0000e+00
18.30	0.0000e+00
18.31	0.0000e+00
18.32	0.0000e+00
18.33	0.0000e+00
18.34	0.0000e+00
18.35	0.0000e+00
18.36	0.0000e+00
18.37	0.0000e+00
18.38	0.0000e+00
18.39	0.0000e+00
18.40	0.0000e+00
18.41	0.0000e+00
18.42	0.0000e+00
18.43	0.0000e+00
18.44	0.0000e+00
18.45	0.0000e+00
18.46	0.0000e+00
18.47	0.0000e+00
18.48	0.0000e+00
18.49	0.0000e+00
18.50	0.0000e+00
18.51	0.0000e+00
18.52	0.0000e+00
18.53	0.0000e+00
18.54	0.0000e+00
18.55	0.0000e+00
18.56	0.0000e+00
18.57	0.0000e+00
18.58	0.0000e+00
18.59	0.0000e+00
18.60	0.0000e+00
18.61	0.0000e+00
18.62	0.0000e+00
18.63	0.0000e+00
18.64	0.0000e+00
18.65	0.0000e+00
18.66	0.0000e+00
18.67	0.0000e+00
18.68	0.0000e+00
18.69	0.0000e+00
18.70	0.0000e+00
18.71	0.0000e+00
18.72	0.0000e+00
18.73	0.0000e+00
18.74	0.0000e+00
18.75	0.0000e+00
18.76	0.0000e+00
18.77	0.0000e+00
18.78	0.0000e+00
18.79	0.0000e+00
18.80	0.0000e+00
18.81	0.0000e+00
18.82	0.0000e+00
18.83	0.0000e+00
18.84	0.0000e+00
18.85	0.0000e+00
18.86	0.0000e+00
18.87	0.0000e+00
18.88	0.0000e+00
18.89	0.0000e+00
18.90	0.0000e+00
18.91	0.0000e+00
18.92	0.0000e+00
18.93	0.0000e+00
18.94	0.0000e+00
18.95	0.0000e+00
18.96	0.0000e+00
18.97	0.0000e+00
18.98	0.0000e+00
18.99	0.0000e+00
19.00	0.0000e+00
19.01	0.0000e+00
19.02	0.0000e+00
19.03	0.0000e+00
19.04	0.0000e+00
19.05	0.0000e+00
19.06	0.0000e+00
19.07	0.0000e+00
19.08	0.0000e+00
19.09	0.0000e+00
19.10	0.0000e+00
19.11	0.0000e+00
19.12	0.0000e+00
19.13	0.0000e+00
19.14	0.0000e+00
19.15	0.0000e+00
19.16	0.0000e+00
19.17	0.0000e+00
19.18	0.0000e+00
19.19	0.0000e+00
19.20	0.0000e+00
19.21	0.0000e+00
19.22	0.0000e+00
19.23	0.0000e+00
19.24	0.0000e+00
19.25	0.0000e+00
19.26	0.0000e+00
19.27	0.0000e+00
19.28	0.0000e+00
19.29	0.0000e+00
19.30	0.0000e+00
19.31	0.0000e+00
19.32	0.0000e+00
19.33	0.0000e+00
19.34	0.0000e+00
19.35	0.0000e+00
19.36	0.0000e+00
19.37	0.0000e+00
19.38	0.0000e+00
19.39	0.0000e+00
19.40	0.0000e+00
19.41	0.0000e+00
19.42	0.0000e+00
19.43	0.0000e+00
19.44	0.0000e+00
19.45	0.0000e+00
19.46	0.0000e+00
19.47	0.0000e+00
19.48	0.0000e+00
19.49	0.0000e+00
19.50	0.0000e+00
19.51	0.0000e+00
19.52	0.0000e+00
19.53	0.0000e+00
19.54	0.0000e+00
19.55	0.0000e+00
19.56	0.0000e+00
19.57	0.0000e+00
19.58	0.0000e+00
19.59	0.0000e+00
19.60	0.0000e+00
19.61	0.0000e+00
19.62	0.0000e+00
19.63	0.0000e+00
19.64	0.0000e+00
19.65	0.0000e+00
19.66	0.0000e+00
19.67	0.0000e+00
19.68	0.0000e+00
19.69	0.0000e+00
19.70	0.0000e+00
19.71	0.0000e+00
19.72	0.0000e+00
19.73	0.0000e+00
19.74	0.0000e+00
19.75	0.0000e+00
19.76	0.0000e+00
19.77	0.0000e+00
19.78	0.0000e+00
19.79	0.0000e+00
19.80	0.0000e+00
19.81	0.0000e+00
19.82	0.0000e+00
19.83	0.0000e+00
19.84	0.0000e+00
19.85	0.0000e+00
19.86	0.0000e+00
19.87	0.0000e+00
19.88	0.0000e+00
19.89	0.0000e+00
19.90	0.0000e+00
19.91	0.0000e+00
19.92	0.0000e+00
19.93	0.0000e+00
19.94	0.0000e+00
19.95	0.0000e+00
19.96	0.0000e+00
19.97	0.0000e+00
19.98	0.0000e+00
19.99	0.0000e+00
20.00	0.0000e+00
